ID,Cluster,NumClusters,Algorithm,MaxIter,Tolerance,NInit,Metric,MaxIterBarycenter,UseVoltage,UseAll3Phases,MinClusterSize,MaxClusterSize,HandleMinClusters,HandleMaxClusters,SilhouetteScore
56289366,4,16,tskmeans,100,7e-07,1,softdtw,100,True,True,1,10,nothing,nothing,
56289477,0,16,tskmeans,100,7e-07,1,softdtw,100,True,True,1,10,nothing,nothing,
56293141,11,16,tskmeans,100,7e-07,1,softdtw,100,True,True,1,10,nothing,nothing,
56293272,6,16,tskmeans,100,7e-07,1,softdtw,100,True,True,1,10,nothing,nothing,
56294396,2,16,tskmeans,100,7e-07,1,softdtw,100,True,True,1,10,nothing,nothing,
56295013,6,16,tskmeans,100,7e-07,1,softdtw,100,True,True,1,10,nothing,nothing,
56301015,12,16,tskmeans,100,7e-07,1,softdtw,100,True,True,1,10,nothing,nothing,
56308594,8,16,tskmeans,100,7e-07,1,softdtw,100,True,True,1,10,nothing,nothing,
56311351,0,16,tskmeans,100,7e-07,1,softdtw,100,True,True,1,10,nothing,nothing,
56317657,2,16,tskmeans,100,7e-07,1,softdtw,100,True,True,1,10,nothing,nothing,
56319030,2,16,tskmeans,100,7e-07,1,softdtw,100,True,True,1,10,nothing,nothing,
56320091,2,16,tskmeans,100,7e-07,1,softdtw,100,True,True,1,10,nothing,nothing,
56322231,0,16,tskmeans,100,7e-07,1,softdtw,100,True,True,1,10,nothing,nothing,
56323361,0,16,tskmeans,100,7e-07,1,softdtw,100,True,True,1,10,nothing,nothing,
56323691,15,16,tskmeans,100,7e-07,1,softdtw,100,True,True,1,10,nothing,nothing,
56326172,0,16,tskmeans,100,7e-07,1,softdtw,100,True,True,1,10,nothing,nothing,
56329635,5,16,tskmeans,100,7e-07,1,softdtw,100,True,True,1,10,nothing,nothing,
56330203,2,16,tskmeans,100,7e-07,1,softdtw,100,True,True,1,10,nothing,nothing,
56335748,2,16,tskmeans,100,7e-07,1,softdtw,100,True,True,1,10,nothing,nothing,
56335842,12,16,tskmeans,100,7e-07,1,softdtw,100,True,True,1,10,nothing,nothing,
56336916,15,16,tskmeans,100,7e-07,1,softdtw,100,True,True,1,10,nothing,nothing,
56338693,0,16,tskmeans,100,7e-07,1,softdtw,100,True,True,1,10,nothing,nothing,
56347545,2,16,tskmeans,100,7e-07,1,softdtw,100,True,True,1,10,nothing,nothing,
56357204,0,16,tskmeans,100,7e-07,1,softdtw,100,True,True,1,10,nothing,nothing,
56377049,0,16,tskmeans,100,7e-07,1,softdtw,100,True,True,1,10,nothing,nothing,
56507713,15,16,tskmeans,100,7e-07,1,softdtw,100,True,True,1,10,nothing,nothing,
56513612,0,16,tskmeans,100,7e-07,1,softdtw,100,True,True,1,10,nothing,nothing,
56513866,0,16,tskmeans,100,7e-07,1,softdtw,100,True,True,1,10,nothing,nothing,
56515638,0,16,tskmeans,100,7e-07,1,softdtw,100,True,True,1,10,nothing,nothing,
56516198,0,16,tskmeans,100,7e-07,1,softdtw,100,True,True,1,10,nothing,nothing,
56516753,2,16,tskmeans,100,7e-07,1,softdtw,100,True,True,1,10,nothing,nothing,
56522709,9,16,tskmeans,100,7e-07,1,softdtw,100,True,True,1,10,nothing,nothing,
56525100,9,16,tskmeans,100,7e-07,1,softdtw,100,True,True,1,10,nothing,nothing,
56526411,9,16,tskmeans,100,7e-07,1,softdtw,100,True,True,1,10,nothing,nothing,
56529266,2,16,tskmeans,100,7e-07,1,softdtw,100,True,True,1,10,nothing,nothing,
56533347,15,16,tskmeans,100,7e-07,1,softdtw,100,True,True,1,10,nothing,nothing,
56533679,14,16,tskmeans,100,7e-07,1,softdtw,100,True,True,1,10,nothing,nothing,
56535776,0,16,tskmeans,100,7e-07,1,softdtw,100,True,True,1,10,nothing,nothing,
56536684,8,16,tskmeans,100,7e-07,1,softdtw,100,True,True,1,10,nothing,nothing,
56540017,0,16,tskmeans,100,7e-07,1,softdtw,100,True,True,1,10,nothing,nothing,
56540360,12,16,tskmeans,100,7e-07,1,softdtw,100,True,True,1,10,nothing,nothing,
56540435,0,16,tskmeans,100,7e-07,1,softdtw,100,True,True,1,10,nothing,nothing,
56545080,0,16,tskmeans,100,7e-07,1,softdtw,100,True,True,1,10,nothing,nothing,
56545746,5,16,tskmeans,100,7e-07,1,softdtw,100,True,True,1,10,nothing,nothing,
56549119,0,16,tskmeans,100,7e-07,1,softdtw,100,True,True,1,10,nothing,nothing,
56550262,2,16,tskmeans,100,7e-07,1,softdtw,100,True,True,1,10,nothing,nothing,
56550599,0,16,tskmeans,100,7e-07,1,softdtw,100,True,True,1,10,nothing,nothing,
56560999,0,16,tskmeans,100,7e-07,1,softdtw,100,True,True,1,10,nothing,nothing,
56565947,2,16,tskmeans,100,7e-07,1,softdtw,100,True,True,1,10,nothing,nothing,
56570677,2,16,tskmeans,100,7e-07,1,softdtw,100,True,True,1,10,nothing,nothing,
56572179,2,16,tskmeans,100,7e-07,1,softdtw,100,True,True,1,10,nothing,nothing,
56575867,0,16,tskmeans,100,7e-07,1,softdtw,100,True,True,1,10,nothing,nothing,
56576283,0,16,tskmeans,100,7e-07,1,softdtw,100,True,True,1,10,nothing,nothing,
56576441,2,16,tskmeans,100,7e-07,1,softdtw,100,True,True,1,10,nothing,nothing,
56579400,2,16,tskmeans,100,7e-07,1,softdtw,100,True,True,1,10,nothing,nothing,
56606528,0,16,tskmeans,100,7e-07,1,softdtw,100,True,True,1,10,nothing,nothing,
56625057,2,16,tskmeans,100,7e-07,1,softdtw,100,True,True,1,10,nothing,nothing,
56628324,2,16,tskmeans,100,7e-07,1,softdtw,100,True,True,1,10,nothing,nothing,
56629780,0,16,tskmeans,100,7e-07,1,softdtw,100,True,True,1,10,nothing,nothing,
56644803,0,16,tskmeans,100,7e-07,1,softdtw,100,True,True,1,10,nothing,nothing,
56657906,0,16,tskmeans,100,7e-07,1,softdtw,100,True,True,1,10,nothing,nothing,
56659386,2,16,tskmeans,100,7e-07,1,softdtw,100,True,True,1,10,nothing,nothing,
56665224,0,16,tskmeans,100,7e-07,1,softdtw,100,True,True,1,10,nothing,nothing,
56672125,0,16,tskmeans,100,7e-07,1,softdtw,100,True,True,1,10,nothing,nothing,
56673404,0,16,tskmeans,100,7e-07,1,softdtw,100,True,True,1,10,nothing,nothing,
56678759,7,16,tskmeans,100,7e-07,1,softdtw,100,True,True,1,10,nothing,nothing,
56679738,0,16,tskmeans,100,7e-07,1,softdtw,100,True,True,1,10,nothing,nothing,
56683313,0,16,tskmeans,100,7e-07,1,softdtw,100,True,True,1,10,nothing,nothing,
56684216,2,16,tskmeans,100,7e-07,1,softdtw,100,True,True,1,10,nothing,nothing,
56690172,6,16,tskmeans,100,7e-07,1,softdtw,100,True,True,1,10,nothing,nothing,
56695287,0,16,tskmeans,100,7e-07,1,softdtw,100,True,True,1,10,nothing,nothing,
56697803,0,16,tskmeans,100,7e-07,1,softdtw,100,True,True,1,10,nothing,nothing,
56700184,0,16,tskmeans,100,7e-07,1,softdtw,100,True,True,1,10,nothing,nothing,
56710961,0,16,tskmeans,100,7e-07,1,softdtw,100,True,True,1,10,nothing,nothing,
56745649,0,16,tskmeans,100,7e-07,1,softdtw,100,True,True,1,10,nothing,nothing,
56751349,11,16,tskmeans,100,7e-07,1,softdtw,100,True,True,1,10,nothing,nothing,
56786559,12,16,tskmeans,100,7e-07,1,softdtw,100,True,True,1,10,nothing,nothing,
56787001,2,16,tskmeans,100,7e-07,1,softdtw,100,True,True,1,10,nothing,nothing,
56801641,0,16,tskmeans,100,7e-07,1,softdtw,100,True,True,1,10,nothing,nothing,
56803200,12,16,tskmeans,100,7e-07,1,softdtw,100,True,True,1,10,nothing,nothing,
56807591,0,16,tskmeans,100,7e-07,1,softdtw,100,True,True,1,10,nothing,nothing,
56807960,0,16,tskmeans,100,7e-07,1,softdtw,100,True,True,1,10,nothing,nothing,
56809736,11,16,tskmeans,100,7e-07,1,softdtw,100,True,True,1,10,nothing,nothing,
56812446,7,16,tskmeans,100,7e-07,1,softdtw,100,True,True,1,10,nothing,nothing,
56815763,2,16,tskmeans,100,7e-07,1,softdtw,100,True,True,1,10,nothing,nothing,
56816331,0,16,tskmeans,100,7e-07,1,softdtw,100,True,True,1,10,nothing,nothing,
56816537,0,16,tskmeans,100,7e-07,1,softdtw,100,True,True,1,10,nothing,nothing,
56825545,0,16,tskmeans,100,7e-07,1,softdtw,100,True,True,1,10,nothing,nothing,
56827261,0,16,tskmeans,100,7e-07,1,softdtw,100,True,True,1,10,nothing,nothing,
56832212,0,16,tskmeans,100,7e-07,1,softdtw,100,True,True,1,10,nothing,nothing,
56834340,12,16,tskmeans,100,7e-07,1,softdtw,100,True,True,1,10,nothing,nothing,
56838816,0,16,tskmeans,100,7e-07,1,softdtw,100,True,True,1,10,nothing,nothing,
56842538,0,16,tskmeans,100,7e-07,1,softdtw,100,True,True,1,10,nothing,nothing,
56845230,0,16,tskmeans,100,7e-07,1,softdtw,100,True,True,1,10,nothing,nothing,
56855575,0,16,tskmeans,100,7e-07,1,softdtw,100,True,True,1,10,nothing,nothing,
56903870,2,16,tskmeans,100,7e-07,1,softdtw,100,True,True,1,10,nothing,nothing,
56910955,0,16,tskmeans,100,7e-07,1,softdtw,100,True,True,1,10,nothing,nothing,
56918523,15,16,tskmeans,100,7e-07,1,softdtw,100,True,True,1,10,nothing,nothing,
56918867,0,16,tskmeans,100,7e-07,1,softdtw,100,True,True,1,10,nothing,nothing,
56919122,0,16,tskmeans,100,7e-07,1,softdtw,100,True,True,1,10,nothing,nothing,
56927069,5,16,tskmeans,100,7e-07,1,softdtw,100,True,True,1,10,nothing,nothing,
56931363,15,16,tskmeans,100,7e-07,1,softdtw,100,True,True,1,10,nothing,nothing,
56935851,0,16,tskmeans,100,7e-07,1,softdtw,100,True,True,1,10,nothing,nothing,
56936773,7,16,tskmeans,100,7e-07,1,softdtw,100,True,True,1,10,nothing,nothing,
56936779,0,16,tskmeans,100,7e-07,1,softdtw,100,True,True,1,10,nothing,nothing,
56946646,2,16,tskmeans,100,7e-07,1,softdtw,100,True,True,1,10,nothing,nothing,
56950716,0,16,tskmeans,100,7e-07,1,softdtw,100,True,True,1,10,nothing,nothing,
56962364,12,16,tskmeans,100,7e-07,1,softdtw,100,True,True,1,10,nothing,nothing,
56968133,11,16,tskmeans,100,7e-07,1,softdtw,100,True,True,1,10,nothing,nothing,
56977981,7,16,tskmeans,100,7e-07,1,softdtw,100,True,True,1,10,nothing,nothing,
56990406,0,16,tskmeans,100,7e-07,1,softdtw,100,True,True,1,10,nothing,nothing,
57001160,11,16,tskmeans,100,7e-07,1,softdtw,100,True,True,1,10,nothing,nothing,
57018693,0,16,tskmeans,100,7e-07,1,softdtw,100,True,True,1,10,nothing,nothing,
57020162,0,16,tskmeans,100,7e-07,1,softdtw,100,True,True,1,10,nothing,nothing,
57028871,3,16,tskmeans,100,7e-07,1,softdtw,100,True,True,1,10,nothing,nothing,
57029549,2,16,tskmeans,100,7e-07,1,softdtw,100,True,True,1,10,nothing,nothing,
57031156,2,16,tskmeans,100,7e-07,1,softdtw,100,True,True,1,10,nothing,nothing,
57033615,12,16,tskmeans,100,7e-07,1,softdtw,100,True,True,1,10,nothing,nothing,
57034168,0,16,tskmeans,100,7e-07,1,softdtw,100,True,True,1,10,nothing,nothing,
57036183,0,16,tskmeans,100,7e-07,1,softdtw,100,True,True,1,10,nothing,nothing,
57045467,5,16,tskmeans,100,7e-07,1,softdtw,100,True,True,1,10,nothing,nothing,
57048476,0,16,tskmeans,100,7e-07,1,softdtw,100,True,True,1,10,nothing,nothing,
57049178,0,16,tskmeans,100,7e-07,1,softdtw,100,True,True,1,10,nothing,nothing,
57067602,2,16,tskmeans,100,7e-07,1,softdtw,100,True,True,1,10,nothing,nothing,
57082370,12,16,tskmeans,100,7e-07,1,softdtw,100,True,True,1,10,nothing,nothing,
57107066,2,16,tskmeans,100,7e-07,1,softdtw,100,True,True,1,10,nothing,nothing,
57110903,0,16,tskmeans,100,7e-07,1,softdtw,100,True,True,1,10,nothing,nothing,
57112200,6,16,tskmeans,100,7e-07,1,softdtw,100,True,True,1,10,nothing,nothing,
57115988,0,16,tskmeans,100,7e-07,1,softdtw,100,True,True,1,10,nothing,nothing,
57119576,11,16,tskmeans,100,7e-07,1,softdtw,100,True,True,1,10,nothing,nothing,
57121359,0,16,tskmeans,100,7e-07,1,softdtw,100,True,True,1,10,nothing,nothing,
57124755,0,16,tskmeans,100,7e-07,1,softdtw,100,True,True,1,10,nothing,nothing,
57129786,6,16,tskmeans,100,7e-07,1,softdtw,100,True,True,1,10,nothing,nothing,
57132084,0,16,tskmeans,100,7e-07,1,softdtw,100,True,True,1,10,nothing,nothing,
57132878,0,16,tskmeans,100,7e-07,1,softdtw,100,True,True,1,10,nothing,nothing,
57134460,0,16,tskmeans,100,7e-07,1,softdtw,100,True,True,1,10,nothing,nothing,
57135403,0,16,tskmeans,100,7e-07,1,softdtw,100,True,True,1,10,nothing,nothing,
57136037,0,16,tskmeans,100,7e-07,1,softdtw,100,True,True,1,10,nothing,nothing,
57181553,11,16,tskmeans,100,7e-07,1,softdtw,100,True,True,1,10,nothing,nothing,
57188608,7,16,tskmeans,100,7e-07,1,softdtw,100,True,True,1,10,nothing,nothing,
57189414,0,16,tskmeans,100,7e-07,1,softdtw,100,True,True,1,10,nothing,nothing,
57193962,0,16,tskmeans,100,7e-07,1,softdtw,100,True,True,1,10,nothing,nothing,
57195856,0,16,tskmeans,100,7e-07,1,softdtw,100,True,True,1,10,nothing,nothing,
57196380,0,16,tskmeans,100,7e-07,1,softdtw,100,True,True,1,10,nothing,nothing,
57197511,0,16,tskmeans,100,7e-07,1,softdtw,100,True,True,1,10,nothing,nothing,
57203099,12,16,tskmeans,100,7e-07,1,softdtw,100,True,True,1,10,nothing,nothing,
57203642,6,16,tskmeans,100,7e-07,1,softdtw,100,True,True,1,10,nothing,nothing,
57210270,2,16,tskmeans,100,7e-07,1,softdtw,100,True,True,1,10,nothing,nothing,
57212381,0,16,tskmeans,100,7e-07,1,softdtw,100,True,True,1,10,nothing,nothing,
57217332,0,16,tskmeans,100,7e-07,1,softdtw,100,True,True,1,10,nothing,nothing,
57223401,0,16,tskmeans,100,7e-07,1,softdtw,100,True,True,1,10,nothing,nothing,
57224741,0,16,tskmeans,100,7e-07,1,softdtw,100,True,True,1,10,nothing,nothing,
57229961,0,16,tskmeans,100,7e-07,1,softdtw,100,True,True,1,10,nothing,nothing,
57229998,5,16,tskmeans,100,7e-07,1,softdtw,100,True,True,1,10,nothing,nothing,
57233581,0,16,tskmeans,100,7e-07,1,softdtw,100,True,True,1,10,nothing,nothing,
57241422,0,16,tskmeans,100,7e-07,1,softdtw,100,True,True,1,10,nothing,nothing,
57244796,0,16,tskmeans,100,7e-07,1,softdtw,100,True,True,1,10,nothing,nothing,
57262879,5,16,tskmeans,100,7e-07,1,softdtw,100,True,True,1,10,nothing,nothing,
57276325,0,16,tskmeans,100,7e-07,1,softdtw,100,True,True,1,10,nothing,nothing,
57283021,0,16,tskmeans,100,7e-07,1,softdtw,100,True,True,1,10,nothing,nothing,
57315438,15,16,tskmeans,100,7e-07,1,softdtw,100,True,True,1,10,nothing,nothing,
57318031,15,16,tskmeans,100,7e-07,1,softdtw,100,True,True,1,10,nothing,nothing,
57318799,0,16,tskmeans,100,7e-07,1,softdtw,100,True,True,1,10,nothing,nothing,
57321256,15,16,tskmeans,100,7e-07,1,softdtw,100,True,True,1,10,nothing,nothing,
57321496,7,16,tskmeans,100,7e-07,1,softdtw,100,True,True,1,10,nothing,nothing,
57322689,2,16,tskmeans,100,7e-07,1,softdtw,100,True,True,1,10,nothing,nothing,
57326123,0,16,tskmeans,100,7e-07,1,softdtw,100,True,True,1,10,nothing,nothing,
57327947,0,16,tskmeans,100,7e-07,1,softdtw,100,True,True,1,10,nothing,nothing,
57328418,0,16,tskmeans,100,7e-07,1,softdtw,100,True,True,1,10,nothing,nothing,
57329581,2,16,tskmeans,100,7e-07,1,softdtw,100,True,True,1,10,nothing,nothing,
57333110,12,16,tskmeans,100,7e-07,1,softdtw,100,True,True,1,10,nothing,nothing,
57334635,2,16,tskmeans,100,7e-07,1,softdtw,100,True,True,1,10,nothing,nothing,
57345201,15,16,tskmeans,100,7e-07,1,softdtw,100,True,True,1,10,nothing,nothing,
57352116,0,16,tskmeans,100,7e-07,1,softdtw,100,True,True,1,10,nothing,nothing,
57355618,0,16,tskmeans,100,7e-07,1,softdtw,100,True,True,1,10,nothing,nothing,
57390695,7,16,tskmeans,100,7e-07,1,softdtw,100,True,True,1,10,nothing,nothing,
57396243,0,16,tskmeans,100,7e-07,1,softdtw,100,True,True,1,10,nothing,nothing,
57406808,15,16,tskmeans,100,7e-07,1,softdtw,100,True,True,1,10,nothing,nothing,
57419049,0,16,tskmeans,100,7e-07,1,softdtw,100,True,True,1,10,nothing,nothing,
57434015,11,16,tskmeans,100,7e-07,1,softdtw,100,True,True,1,10,nothing,nothing,
57447843,3,16,tskmeans,100,7e-07,1,softdtw,100,True,True,1,10,nothing,nothing,
57450743,0,16,tskmeans,100,7e-07,1,softdtw,100,True,True,1,10,nothing,nothing,
57454215,0,16,tskmeans,100,7e-07,1,softdtw,100,True,True,1,10,nothing,nothing,
57455170,10,16,tskmeans,100,7e-07,1,softdtw,100,True,True,1,10,nothing,nothing,
57455993,0,16,tskmeans,100,7e-07,1,softdtw,100,True,True,1,10,nothing,nothing,
57457888,11,16,tskmeans,100,7e-07,1,softdtw,100,True,True,1,10,nothing,nothing,
57462777,0,16,tskmeans,100,7e-07,1,softdtw,100,True,True,1,10,nothing,nothing,
57463290,5,16,tskmeans,100,7e-07,1,softdtw,100,True,True,1,10,nothing,nothing,
57466368,0,16,tskmeans,100,7e-07,1,softdtw,100,True,True,1,10,nothing,nothing,
57466861,2,16,tskmeans,100,7e-07,1,softdtw,100,True,True,1,10,nothing,nothing,
57470082,0,16,tskmeans,100,7e-07,1,softdtw,100,True,True,1,10,nothing,nothing,
57508299,6,16,tskmeans,100,7e-07,1,softdtw,100,True,True,1,10,nothing,nothing,
57509005,0,16,tskmeans,100,7e-07,1,softdtw,100,True,True,1,10,nothing,nothing,
57520094,12,16,tskmeans,100,7e-07,1,softdtw,100,True,True,1,10,nothing,nothing,
57526762,11,16,tskmeans,100,7e-07,1,softdtw,100,True,True,1,10,nothing,nothing,
57530862,0,16,tskmeans,100,7e-07,1,softdtw,100,True,True,1,10,nothing,nothing,
57534162,3,16,tskmeans,100,7e-07,1,softdtw,100,True,True,1,10,nothing,nothing,
57535499,0,16,tskmeans,100,7e-07,1,softdtw,100,True,True,1,10,nothing,nothing,
57541215,12,16,tskmeans,100,7e-07,1,softdtw,100,True,True,1,10,nothing,nothing,
57542018,0,16,tskmeans,100,7e-07,1,softdtw,100,True,True,1,10,nothing,nothing,
57542994,7,16,tskmeans,100,7e-07,1,softdtw,100,True,True,1,10,nothing,nothing,
57551982,2,16,tskmeans,100,7e-07,1,softdtw,100,True,True,1,10,nothing,nothing,
57553147,11,16,tskmeans,100,7e-07,1,softdtw,100,True,True,1,10,nothing,nothing,
57553517,0,16,tskmeans,100,7e-07,1,softdtw,100,True,True,1,10,nothing,nothing,
57559815,2,16,tskmeans,100,7e-07,1,softdtw,100,True,True,1,10,nothing,nothing,
57566123,11,16,tskmeans,100,7e-07,1,softdtw,100,True,True,1,10,nothing,nothing,
57567881,0,16,tskmeans,100,7e-07,1,softdtw,100,True,True,1,10,nothing,nothing,
57569325,0,16,tskmeans,100,7e-07,1,softdtw,100,True,True,1,10,nothing,nothing,
57570987,0,16,tskmeans,100,7e-07,1,softdtw,100,True,True,1,10,nothing,nothing,
57572712,0,16,tskmeans,100,7e-07,1,softdtw,100,True,True,1,10,nothing,nothing,
57573722,0,16,tskmeans,100,7e-07,1,softdtw,100,True,True,1,10,nothing,nothing,
57574573,0,16,tskmeans,100,7e-07,1,softdtw,100,True,True,1,10,nothing,nothing,
57589444,2,16,tskmeans,100,7e-07,1,softdtw,100,True,True,1,10,nothing,nothing,
57617804,7,16,tskmeans,100,7e-07,1,softdtw,100,True,True,1,10,nothing,nothing,
57624137,12,16,tskmeans,100,7e-07,1,softdtw,100,True,True,1,10,nothing,nothing,
57632896,11,16,tskmeans,100,7e-07,1,softdtw,100,True,True,1,10,nothing,nothing,
57654012,5,16,tskmeans,100,7e-07,1,softdtw,100,True,True,1,10,nothing,nothing,
57654113,0,16,tskmeans,100,7e-07,1,softdtw,100,True,True,1,10,nothing,nothing,
57660215,0,16,tskmeans,100,7e-07,1,softdtw,100,True,True,1,10,nothing,nothing,
57666904,12,16,tskmeans,100,7e-07,1,softdtw,100,True,True,1,10,nothing,nothing,
57673193,2,16,tskmeans,100,7e-07,1,softdtw,100,True,True,1,10,nothing,nothing,
57675864,0,16,tskmeans,100,7e-07,1,softdtw,100,True,True,1,10,nothing,nothing,
57678188,12,16,tskmeans,100,7e-07,1,softdtw,100,True,True,1,10,nothing,nothing,
57716654,15,16,tskmeans,100,7e-07,1,softdtw,100,True,True,1,10,nothing,nothing,
57725629,15,16,tskmeans,100,7e-07,1,softdtw,100,True,True,1,10,nothing,nothing,
57734085,12,16,tskmeans,100,7e-07,1,softdtw,100,True,True,1,10,nothing,nothing,
57742779,0,16,tskmeans,100,7e-07,1,softdtw,100,True,True,1,10,nothing,nothing,
57758425,11,16,tskmeans,100,7e-07,1,softdtw,100,True,True,1,10,nothing,nothing,
57767595,5,16,tskmeans,100,7e-07,1,softdtw,100,True,True,1,10,nothing,nothing,
57767932,4,16,tskmeans,100,7e-07,1,softdtw,100,True,True,1,10,nothing,nothing,
57770789,0,16,tskmeans,100,7e-07,1,softdtw,100,True,True,1,10,nothing,nothing,
57775916,0,16,tskmeans,100,7e-07,1,softdtw,100,True,True,1,10,nothing,nothing,
57781764,2,16,tskmeans,100,7e-07,1,softdtw,100,True,True,1,10,nothing,nothing,
57785971,0,16,tskmeans,100,7e-07,1,softdtw,100,True,True,1,10,nothing,nothing,
57789865,0,16,tskmeans,100,7e-07,1,softdtw,100,True,True,1,10,nothing,nothing,
57790456,0,16,tskmeans,100,7e-07,1,softdtw,100,True,True,1,10,nothing,nothing,
57791953,0,16,tskmeans,100,7e-07,1,softdtw,100,True,True,1,10,nothing,nothing,
57804194,2,16,tskmeans,100,7e-07,1,softdtw,100,True,True,1,10,nothing,nothing,
57804257,5,16,tskmeans,100,7e-07,1,softdtw,100,True,True,1,10,nothing,nothing,
57805699,0,16,tskmeans,100,7e-07,1,softdtw,100,True,True,1,10,nothing,nothing,
57808884,0,16,tskmeans,100,7e-07,1,softdtw,100,True,True,1,10,nothing,nothing,
57813973,0,16,tskmeans,100,7e-07,1,softdtw,100,True,True,1,10,nothing,nothing,
57817120,0,16,tskmeans,100,7e-07,1,softdtw,100,True,True,1,10,nothing,nothing,
57817343,0,16,tskmeans,100,7e-07,1,softdtw,100,True,True,1,10,nothing,nothing,
57820941,0,16,tskmeans,100,7e-07,1,softdtw,100,True,True,1,10,nothing,nothing,
57824537,0,16,tskmeans,100,7e-07,1,softdtw,100,True,True,1,10,nothing,nothing,
57836101,11,16,tskmeans,100,7e-07,1,softdtw,100,True,True,1,10,nothing,nothing,
57836458,0,16,tskmeans,100,7e-07,1,softdtw,100,True,True,1,10,nothing,nothing,
57836580,0,16,tskmeans,100,7e-07,1,softdtw,100,True,True,1,10,nothing,nothing,
57858592,0,16,tskmeans,100,7e-07,1,softdtw,100,True,True,1,10,nothing,nothing,
57865501,5,16,tskmeans,100,7e-07,1,softdtw,100,True,True,1,10,nothing,nothing,
57874270,7,16,tskmeans,100,7e-07,1,softdtw,100,True,True,1,10,nothing,nothing,
57877488,0,16,tskmeans,100,7e-07,1,softdtw,100,True,True,1,10,nothing,nothing,
57878792,0,16,tskmeans,100,7e-07,1,softdtw,100,True,True,1,10,nothing,nothing,
57889912,0,16,tskmeans,100,7e-07,1,softdtw,100,True,True,1,10,nothing,nothing,
57899316,11,16,tskmeans,100,7e-07,1,softdtw,100,True,True,1,10,nothing,nothing,
57901176,0,16,tskmeans,100,7e-07,1,softdtw,100,True,True,1,10,nothing,nothing,
57903727,12,16,tskmeans,100,7e-07,1,softdtw,100,True,True,1,10,nothing,nothing,
57906022,0,16,tskmeans,100,7e-07,1,softdtw,100,True,True,1,10,nothing,nothing,
57906167,0,16,tskmeans,100,7e-07,1,softdtw,100,True,True,1,10,nothing,nothing,
57907643,0,16,tskmeans,100,7e-07,1,softdtw,100,True,True,1,10,nothing,nothing,
57908929,0,16,tskmeans,100,7e-07,1,softdtw,100,True,True,1,10,nothing,nothing,
57912495,0,16,tskmeans,100,7e-07,1,softdtw,100,True,True,1,10,nothing,nothing,
57913709,0,16,tskmeans,100,7e-07,1,softdtw,100,True,True,1,10,nothing,nothing,
57915990,5,16,tskmeans,100,7e-07,1,softdtw,100,True,True,1,10,nothing,nothing,
57919500,0,16,tskmeans,100,7e-07,1,softdtw,100,True,True,1,10,nothing,nothing,
57923291,11,16,tskmeans,100,7e-07,1,softdtw,100,True,True,1,10,nothing,nothing,
57928597,0,16,tskmeans,100,7e-07,1,softdtw,100,True,True,1,10,nothing,nothing,
57928951,2,16,tskmeans,100,7e-07,1,softdtw,100,True,True,1,10,nothing,nothing,
57931326,0,16,tskmeans,100,7e-07,1,softdtw,100,True,True,1,10,nothing,nothing,
57931439,0,16,tskmeans,100,7e-07,1,softdtw,100,True,True,1,10,nothing,nothing,
57932947,0,16,tskmeans,100,7e-07,1,softdtw,100,True,True,1,10,nothing,nothing,
57938715,0,16,tskmeans,100,7e-07,1,softdtw,100,True,True,1,10,nothing,nothing,
57945799,0,16,tskmeans,100,7e-07,1,softdtw,100,True,True,1,10,nothing,nothing,
57946988,0,16,tskmeans,100,7e-07,1,softdtw,100,True,True,1,10,nothing,nothing,
57982807,0,16,tskmeans,100,7e-07,1,softdtw,100,True,True,1,10,nothing,nothing,
58006915,0,16,tskmeans,100,7e-07,1,softdtw,100,True,True,1,10,nothing,nothing,
58007321,0,16,tskmeans,100,7e-07,1,softdtw,100,True,True,1,10,nothing,nothing,
58011584,0,16,tskmeans,100,7e-07,1,softdtw,100,True,True,1,10,nothing,nothing,
58036953,0,16,tskmeans,100,7e-07,1,softdtw,100,True,True,1,10,nothing,nothing,
58036960,12,16,tskmeans,100,7e-07,1,softdtw,100,True,True,1,10,nothing,nothing,
58038471,6,16,tskmeans,100,7e-07,1,softdtw,100,True,True,1,10,nothing,nothing,
58040224,12,16,tskmeans,100,7e-07,1,softdtw,100,True,True,1,10,nothing,nothing,
58041517,0,16,tskmeans,100,7e-07,1,softdtw,100,True,True,1,10,nothing,nothing,
58041647,2,16,tskmeans,100,7e-07,1,softdtw,100,True,True,1,10,nothing,nothing,
58045523,0,16,tskmeans,100,7e-07,1,softdtw,100,True,True,1,10,nothing,nothing,
58047087,0,16,tskmeans,100,7e-07,1,softdtw,100,True,True,1,10,nothing,nothing,
58054858,0,16,tskmeans,100,7e-07,1,softdtw,100,True,True,1,10,nothing,nothing,
58055038,5,16,tskmeans,100,7e-07,1,softdtw,100,True,True,1,10,nothing,nothing,
58057733,6,16,tskmeans,100,7e-07,1,softdtw,100,True,True,1,10,nothing,nothing,
58059615,2,16,tskmeans,100,7e-07,1,softdtw,100,True,True,1,10,nothing,nothing,
58064902,0,16,tskmeans,100,7e-07,1,softdtw,100,True,True,1,10,nothing,nothing,
58083902,0,16,tskmeans,100,7e-07,1,softdtw,100,True,True,1,10,nothing,nothing,
58084226,7,16,tskmeans,100,7e-07,1,softdtw,100,True,True,1,10,nothing,nothing,
58084344,0,16,tskmeans,100,7e-07,1,softdtw,100,True,True,1,10,nothing,nothing,
58084705,0,16,tskmeans,100,7e-07,1,softdtw,100,True,True,1,10,nothing,nothing,
58087883,11,16,tskmeans,100,7e-07,1,softdtw,100,True,True,1,10,nothing,nothing,
58091024,0,16,tskmeans,100,7e-07,1,softdtw,100,True,True,1,10,nothing,nothing,
58107847,0,16,tskmeans,100,7e-07,1,softdtw,100,True,True,1,10,nothing,nothing,
58144411,11,16,tskmeans,100,7e-07,1,softdtw,100,True,True,1,10,nothing,nothing,
58149771,12,16,tskmeans,100,7e-07,1,softdtw,100,True,True,1,10,nothing,nothing,
58158520,0,16,tskmeans,100,7e-07,1,softdtw,100,True,True,1,10,nothing,nothing,
58165163,0,16,tskmeans,100,7e-07,1,softdtw,100,True,True,1,10,nothing,nothing,
58165728,0,16,tskmeans,100,7e-07,1,softdtw,100,True,True,1,10,nothing,nothing,
58168037,11,16,tskmeans,100,7e-07,1,softdtw,100,True,True,1,10,nothing,nothing,
58171727,0,16,tskmeans,100,7e-07,1,softdtw,100,True,True,1,10,nothing,nothing,
58172044,0,16,tskmeans,100,7e-07,1,softdtw,100,True,True,1,10,nothing,nothing,
58173365,5,16,tskmeans,100,7e-07,1,softdtw,100,True,True,1,10,nothing,nothing,
58175094,6,16,tskmeans,100,7e-07,1,softdtw,100,True,True,1,10,nothing,nothing,
58176280,11,16,tskmeans,100,7e-07,1,softdtw,100,True,True,1,10,nothing,nothing,
58177078,15,16,tskmeans,100,7e-07,1,softdtw,100,True,True,1,10,nothing,nothing,
58181063,0,16,tskmeans,100,7e-07,1,softdtw,100,True,True,1,10,nothing,nothing,
58182859,15,16,tskmeans,100,7e-07,1,softdtw,100,True,True,1,10,nothing,nothing,
58187053,5,16,tskmeans,100,7e-07,1,softdtw,100,True,True,1,10,nothing,nothing,
58189079,0,16,tskmeans,100,7e-07,1,softdtw,100,True,True,1,10,nothing,nothing,
58202044,0,16,tskmeans,100,7e-07,1,softdtw,100,True,True,1,10,nothing,nothing,
58207909,2,16,tskmeans,100,7e-07,1,softdtw,100,True,True,1,10,nothing,nothing,
58212122,15,16,tskmeans,100,7e-07,1,softdtw,100,True,True,1,10,nothing,nothing,
58249200,4,16,tskmeans,100,7e-07,1,softdtw,100,True,True,1,10,nothing,nothing,
58282936,0,16,tskmeans,100,7e-07,1,softdtw,100,True,True,1,10,nothing,nothing,
58291310,12,16,tskmeans,100,7e-07,1,softdtw,100,True,True,1,10,nothing,nothing,
58291969,0,16,tskmeans,100,7e-07,1,softdtw,100,True,True,1,10,nothing,nothing,
58296729,0,16,tskmeans,100,7e-07,1,softdtw,100,True,True,1,10,nothing,nothing,
58305191,0,16,tskmeans,100,7e-07,1,softdtw,100,True,True,1,10,nothing,nothing,
58306814,0,16,tskmeans,100,7e-07,1,softdtw,100,True,True,1,10,nothing,nothing,
58308143,0,16,tskmeans,100,7e-07,1,softdtw,100,True,True,1,10,nothing,nothing,
58313559,6,16,tskmeans,100,7e-07,1,softdtw,100,True,True,1,10,nothing,nothing,
58313931,11,16,tskmeans,100,7e-07,1,softdtw,100,True,True,1,10,nothing,nothing,
58315644,5,16,tskmeans,100,7e-07,1,softdtw,100,True,True,1,10,nothing,nothing,
58320125,0,16,tskmeans,100,7e-07,1,softdtw,100,True,True,1,10,nothing,nothing,
58321321,15,16,tskmeans,100,7e-07,1,softdtw,100,True,True,1,10,nothing,nothing,
58323221,0,16,tskmeans,100,7e-07,1,softdtw,100,True,True,1,10,nothing,nothing,
58324915,2,16,tskmeans,100,7e-07,1,softdtw,100,True,True,1,10,nothing,nothing,
58325345,0,16,tskmeans,100,7e-07,1,softdtw,100,True,True,1,10,nothing,nothing,
58325646,5,16,tskmeans,100,7e-07,1,softdtw,100,True,True,1,10,nothing,nothing,
58326829,0,16,tskmeans,100,7e-07,1,softdtw,100,True,True,1,10,nothing,nothing,
58328600,15,16,tskmeans,100,7e-07,1,softdtw,100,True,True,1,10,nothing,nothing,
58331112,4,16,tskmeans,100,7e-07,1,softdtw,100,True,True,1,10,nothing,nothing,
58333267,15,16,tskmeans,100,7e-07,1,softdtw,100,True,True,1,10,nothing,nothing,
58333367,0,16,tskmeans,100,7e-07,1,softdtw,100,True,True,1,10,nothing,nothing,
58341320,7,16,tskmeans,100,7e-07,1,softdtw,100,True,True,1,10,nothing,nothing,
58341565,15,16,tskmeans,100,7e-07,1,softdtw,100,True,True,1,10,nothing,nothing,
58347757,0,16,tskmeans,100,7e-07,1,softdtw,100,True,True,1,10,nothing,nothing,
58348326,0,16,tskmeans,100,7e-07,1,softdtw,100,True,True,1,10,nothing,nothing,
58348488,0,16,tskmeans,100,7e-07,1,softdtw,100,True,True,1,10,nothing,nothing,
58361434,2,16,tskmeans,100,7e-07,1,softdtw,100,True,True,1,10,nothing,nothing,
58374422,0,16,tskmeans,100,7e-07,1,softdtw,100,True,True,1,10,nothing,nothing,
58416192,0,16,tskmeans,100,7e-07,1,softdtw,100,True,True,1,10,nothing,nothing,
58418492,15,16,tskmeans,100,7e-07,1,softdtw,100,True,True,1,10,nothing,nothing,
58418892,0,16,tskmeans,100,7e-07,1,softdtw,100,True,True,1,10,nothing,nothing,
58419964,0,16,tskmeans,100,7e-07,1,softdtw,100,True,True,1,10,nothing,nothing,
58420942,0,16,tskmeans,100,7e-07,1,softdtw,100,True,True,1,10,nothing,nothing,
58420944,6,16,tskmeans,100,7e-07,1,softdtw,100,True,True,1,10,nothing,nothing,
58421335,6,16,tskmeans,100,7e-07,1,softdtw,100,True,True,1,10,nothing,nothing,
58424255,0,16,tskmeans,100,7e-07,1,softdtw,100,True,True,1,10,nothing,nothing,
58426636,0,16,tskmeans,100,7e-07,1,softdtw,100,True,True,1,10,nothing,nothing,
58434274,11,16,tskmeans,100,7e-07,1,softdtw,100,True,True,1,10,nothing,nothing,
58435590,2,16,tskmeans,100,7e-07,1,softdtw,100,True,True,1,10,nothing,nothing,
58439097,4,16,tskmeans,100,7e-07,1,softdtw,100,True,True,1,10,nothing,nothing,
58444631,10,16,tskmeans,100,7e-07,1,softdtw,100,True,True,1,10,nothing,nothing,
58448075,0,16,tskmeans,100,7e-07,1,softdtw,100,True,True,1,10,nothing,nothing,
58453922,0,16,tskmeans,100,7e-07,1,softdtw,100,True,True,1,10,nothing,nothing,
58456704,12,16,tskmeans,100,7e-07,1,softdtw,100,True,True,1,10,nothing,nothing,
58457197,0,16,tskmeans,100,7e-07,1,softdtw,100,True,True,1,10,nothing,nothing,
58466092,0,16,tskmeans,100,7e-07,1,softdtw,100,True,True,1,10,nothing,nothing,
58473845,0,16,tskmeans,100,7e-07,1,softdtw,100,True,True,1,10,nothing,nothing,
58477590,15,16,tskmeans,100,7e-07,1,softdtw,100,True,True,1,10,nothing,nothing,
58478418,0,16,tskmeans,100,7e-07,1,softdtw,100,True,True,1,10,nothing,nothing,
58479675,15,16,tskmeans,100,7e-07,1,softdtw,100,True,True,1,10,nothing,nothing,
58480975,11,16,tskmeans,100,7e-07,1,softdtw,100,True,True,1,10,nothing,nothing,
58485142,0,16,tskmeans,100,7e-07,1,softdtw,100,True,True,1,10,nothing,nothing,
58507930,0,16,tskmeans,100,7e-07,1,softdtw,100,True,True,1,10,nothing,nothing,
58520651,11,16,tskmeans,100,7e-07,1,softdtw,100,True,True,1,10,nothing,nothing,
58541835,0,16,tskmeans,100,7e-07,1,softdtw,100,True,True,1,10,nothing,nothing,
58545787,0,16,tskmeans,100,7e-07,1,softdtw,100,True,True,1,10,nothing,nothing,
58547217,0,16,tskmeans,100,7e-07,1,softdtw,100,True,True,1,10,nothing,nothing,
58550146,12,16,tskmeans,100,7e-07,1,softdtw,100,True,True,1,10,nothing,nothing,
58555675,0,16,tskmeans,100,7e-07,1,softdtw,100,True,True,1,10,nothing,nothing,
58556404,9,16,tskmeans,100,7e-07,1,softdtw,100,True,True,1,10,nothing,nothing,
58557122,3,16,tskmeans,100,7e-07,1,softdtw,100,True,True,1,10,nothing,nothing,
58561138,15,16,tskmeans,100,7e-07,1,softdtw,100,True,True,1,10,nothing,nothing,
58562197,12,16,tskmeans,100,7e-07,1,softdtw,100,True,True,1,10,nothing,nothing,
58563246,0,16,tskmeans,100,7e-07,1,softdtw,100,True,True,1,10,nothing,nothing,
58565260,0,16,tskmeans,100,7e-07,1,softdtw,100,True,True,1,10,nothing,nothing,
58565652,0,16,tskmeans,100,7e-07,1,softdtw,100,True,True,1,10,nothing,nothing,
58565854,0,16,tskmeans,100,7e-07,1,softdtw,100,True,True,1,10,nothing,nothing,
58567343,0,16,tskmeans,100,7e-07,1,softdtw,100,True,True,1,10,nothing,nothing,
58576594,11,16,tskmeans,100,7e-07,1,softdtw,100,True,True,1,10,nothing,nothing,
58577113,12,16,tskmeans,100,7e-07,1,softdtw,100,True,True,1,10,nothing,nothing,
58585538,7,16,tskmeans,100,7e-07,1,softdtw,100,True,True,1,10,nothing,nothing,
58589099,10,16,tskmeans,100,7e-07,1,softdtw,100,True,True,1,10,nothing,nothing,
58591806,0,16,tskmeans,100,7e-07,1,softdtw,100,True,True,1,10,nothing,nothing,
58592556,0,16,tskmeans,100,7e-07,1,softdtw,100,True,True,1,10,nothing,nothing,
58604202,0,16,tskmeans,100,7e-07,1,softdtw,100,True,True,1,10,nothing,nothing,
58604701,5,16,tskmeans,100,7e-07,1,softdtw,100,True,True,1,10,nothing,nothing,
58612260,0,16,tskmeans,100,7e-07,1,softdtw,100,True,True,1,10,nothing,nothing,
58626394,0,16,tskmeans,100,7e-07,1,softdtw,100,True,True,1,10,nothing,nothing,
58660186,0,16,tskmeans,100,7e-07,1,softdtw,100,True,True,1,10,nothing,nothing,
58680499,0,16,tskmeans,100,7e-07,1,softdtw,100,True,True,1,10,nothing,nothing,
58704711,0,16,tskmeans,100,7e-07,1,softdtw,100,True,True,1,10,nothing,nothing,
58714476,15,16,tskmeans,100,7e-07,1,softdtw,100,True,True,1,10,nothing,nothing,
58716117,0,16,tskmeans,100,7e-07,1,softdtw,100,True,True,1,10,nothing,nothing,
58716617,0,16,tskmeans,100,7e-07,1,softdtw,100,True,True,1,10,nothing,nothing,
58719938,11,16,tskmeans,100,7e-07,1,softdtw,100,True,True,1,10,nothing,nothing,
58722700,0,16,tskmeans,100,7e-07,1,softdtw,100,True,True,1,10,nothing,nothing,
58725767,0,16,tskmeans,100,7e-07,1,softdtw,100,True,True,1,10,nothing,nothing,
58727640,2,16,tskmeans,100,7e-07,1,softdtw,100,True,True,1,10,nothing,nothing,
58730925,0,16,tskmeans,100,7e-07,1,softdtw,100,True,True,1,10,nothing,nothing,
58731299,0,16,tskmeans,100,7e-07,1,softdtw,100,True,True,1,10,nothing,nothing,
58732468,2,16,tskmeans,100,7e-07,1,softdtw,100,True,True,1,10,nothing,nothing,
58732878,7,16,tskmeans,100,7e-07,1,softdtw,100,True,True,1,10,nothing,nothing,
58736891,15,16,tskmeans,100,7e-07,1,softdtw,100,True,True,1,10,nothing,nothing,
58737925,0,16,tskmeans,100,7e-07,1,softdtw,100,True,True,1,10,nothing,nothing,
58742295,11,16,tskmeans,100,7e-07,1,softdtw,100,True,True,1,10,nothing,nothing,
58745451,0,16,tskmeans,100,7e-07,1,softdtw,100,True,True,1,10,nothing,nothing,
58747677,0,16,tskmeans,100,7e-07,1,softdtw,100,True,True,1,10,nothing,nothing,
58750203,2,16,tskmeans,100,7e-07,1,softdtw,100,True,True,1,10,nothing,nothing,
58751928,0,16,tskmeans,100,7e-07,1,softdtw,100,True,True,1,10,nothing,nothing,
58755237,12,16,tskmeans,100,7e-07,1,softdtw,100,True,True,1,10,nothing,nothing,
58763468,0,16,tskmeans,100,7e-07,1,softdtw,100,True,True,1,10,nothing,nothing,
58818678,2,16,tskmeans,100,7e-07,1,softdtw,100,True,True,1,10,nothing,nothing,
58837372,0,16,tskmeans,100,7e-07,1,softdtw,100,True,True,1,10,nothing,nothing,
58840784,11,16,tskmeans,100,7e-07,1,softdtw,100,True,True,1,10,nothing,nothing,
58843802,0,16,tskmeans,100,7e-07,1,softdtw,100,True,True,1,10,nothing,nothing,
58843829,6,16,tskmeans,100,7e-07,1,softdtw,100,True,True,1,10,nothing,nothing,
58848014,12,16,tskmeans,100,7e-07,1,softdtw,100,True,True,1,10,nothing,nothing,
58855339,0,16,tskmeans,100,7e-07,1,softdtw,100,True,True,1,10,nothing,nothing,
58857054,11,16,tskmeans,100,7e-07,1,softdtw,100,True,True,1,10,nothing,nothing,
58859081,6,16,tskmeans,100,7e-07,1,softdtw,100,True,True,1,10,nothing,nothing,
58860446,2,16,tskmeans,100,7e-07,1,softdtw,100,True,True,1,10,nothing,nothing,
58871096,0,16,tskmeans,100,7e-07,1,softdtw,100,True,True,1,10,nothing,nothing,
58871413,0,16,tskmeans,100,7e-07,1,softdtw,100,True,True,1,10,nothing,nothing,
58875675,2,16,tskmeans,100,7e-07,1,softdtw,100,True,True,1,10,nothing,nothing,
58886184,0,16,tskmeans,100,7e-07,1,softdtw,100,True,True,1,10,nothing,nothing,
58893725,0,16,tskmeans,100,7e-07,1,softdtw,100,True,True,1,10,nothing,nothing,
58894331,11,16,tskmeans,100,7e-07,1,softdtw,100,True,True,1,10,nothing,nothing,
58914476,5,16,tskmeans,100,7e-07,1,softdtw,100,True,True,1,10,nothing,nothing,
58934360,0,16,tskmeans,100,7e-07,1,softdtw,100,True,True,1,10,nothing,nothing,
58941921,14,16,tskmeans,100,7e-07,1,softdtw,100,True,True,1,10,nothing,nothing,
58956577,15,16,tskmeans,100,7e-07,1,softdtw,100,True,True,1,10,nothing,nothing,
58958184,15,16,tskmeans,100,7e-07,1,softdtw,100,True,True,1,10,nothing,nothing,
58964120,11,16,tskmeans,100,7e-07,1,softdtw,100,True,True,1,10,nothing,nothing,
58969067,0,16,tskmeans,100,7e-07,1,softdtw,100,True,True,1,10,nothing,nothing,
58969232,0,16,tskmeans,100,7e-07,1,softdtw,100,True,True,1,10,nothing,nothing,
58981855,0,16,tskmeans,100,7e-07,1,softdtw,100,True,True,1,10,nothing,nothing,
58982133,6,16,tskmeans,100,7e-07,1,softdtw,100,True,True,1,10,nothing,nothing,
58983000,0,16,tskmeans,100,7e-07,1,softdtw,100,True,True,1,10,nothing,nothing,
58983058,0,16,tskmeans,100,7e-07,1,softdtw,100,True,True,1,10,nothing,nothing,
58987971,11,16,tskmeans,100,7e-07,1,softdtw,100,True,True,1,10,nothing,nothing,
58991924,0,16,tskmeans,100,7e-07,1,softdtw,100,True,True,1,10,nothing,nothing,
58993394,7,16,tskmeans,100,7e-07,1,softdtw,100,True,True,1,10,nothing,nothing,
58994764,0,16,tskmeans,100,7e-07,1,softdtw,100,True,True,1,10,nothing,nothing,
59000514,0,16,tskmeans,100,7e-07,1,softdtw,100,True,True,1,10,nothing,nothing,
59000944,5,16,tskmeans,100,7e-07,1,softdtw,100,True,True,1,10,nothing,nothing,
59009426,0,16,tskmeans,100,7e-07,1,softdtw,100,True,True,1,10,nothing,nothing,
59023574,14,16,tskmeans,100,7e-07,1,softdtw,100,True,True,1,10,nothing,nothing,
59026538,15,16,tskmeans,100,7e-07,1,softdtw,100,True,True,1,10,nothing,nothing,
59032666,0,16,tskmeans,100,7e-07,1,softdtw,100,True,True,1,10,nothing,nothing,
59061010,15,16,tskmeans,100,7e-07,1,softdtw,100,True,True,1,10,nothing,nothing,
59064430,0,16,tskmeans,100,7e-07,1,softdtw,100,True,True,1,10,nothing,nothing,
59084135,7,16,tskmeans,100,7e-07,1,softdtw,100,True,True,1,10,nothing,nothing,
59085624,4,16,tskmeans,100,7e-07,1,softdtw,100,True,True,1,10,nothing,nothing,
59091462,0,16,tskmeans,100,7e-07,1,softdtw,100,True,True,1,10,nothing,nothing,
59092904,0,16,tskmeans,100,7e-07,1,softdtw,100,True,True,1,10,nothing,nothing,
59093275,0,16,tskmeans,100,7e-07,1,softdtw,100,True,True,1,10,nothing,nothing,
59095386,0,16,tskmeans,100,7e-07,1,softdtw,100,True,True,1,10,nothing,nothing,
59106180,4,16,tskmeans,100,7e-07,1,softdtw,100,True,True,1,10,nothing,nothing,
59109877,4,16,tskmeans,100,7e-07,1,softdtw,100,True,True,1,10,nothing,nothing,
59113189,0,16,tskmeans,100,7e-07,1,softdtw,100,True,True,1,10,nothing,nothing,
59114506,11,16,tskmeans,100,7e-07,1,softdtw,100,True,True,1,10,nothing,nothing,
59115434,6,16,tskmeans,100,7e-07,1,softdtw,100,True,True,1,10,nothing,nothing,
59118495,6,16,tskmeans,100,7e-07,1,softdtw,100,True,True,1,10,nothing,nothing,
59119539,7,16,tskmeans,100,7e-07,1,softdtw,100,True,True,1,10,nothing,nothing,
59120035,0,16,tskmeans,100,7e-07,1,softdtw,100,True,True,1,10,nothing,nothing,
59120763,0,16,tskmeans,100,7e-07,1,softdtw,100,True,True,1,10,nothing,nothing,
59123669,0,16,tskmeans,100,7e-07,1,softdtw,100,True,True,1,10,nothing,nothing,
59124564,15,16,tskmeans,100,7e-07,1,softdtw,100,True,True,1,10,nothing,nothing,
59137099,2,16,tskmeans,100,7e-07,1,softdtw,100,True,True,1,10,nothing,nothing,
59145031,0,16,tskmeans,100,7e-07,1,softdtw,100,True,True,1,10,nothing,nothing,
59177244,0,16,tskmeans,100,7e-07,1,softdtw,100,True,True,1,10,nothing,nothing,
59198744,15,16,tskmeans,100,7e-07,1,softdtw,100,True,True,1,10,nothing,nothing,
59201425,11,16,tskmeans,100,7e-07,1,softdtw,100,True,True,1,10,nothing,nothing,
59216645,6,16,tskmeans,100,7e-07,1,softdtw,100,True,True,1,10,nothing,nothing,
59226831,0,16,tskmeans,100,7e-07,1,softdtw,100,True,True,1,10,nothing,nothing,
59226977,0,16,tskmeans,100,7e-07,1,softdtw,100,True,True,1,10,nothing,nothing,
59227515,0,16,tskmeans,100,7e-07,1,softdtw,100,True,True,1,10,nothing,nothing,
59228208,15,16,tskmeans,100,7e-07,1,softdtw,100,True,True,1,10,nothing,nothing,
59229365,6,16,tskmeans,100,7e-07,1,softdtw,100,True,True,1,10,nothing,nothing,
59230866,11,16,tskmeans,100,7e-07,1,softdtw,100,True,True,1,10,nothing,nothing,
59231112,7,16,tskmeans,100,7e-07,1,softdtw,100,True,True,1,10,nothing,nothing,
59240289,0,16,tskmeans,100,7e-07,1,softdtw,100,True,True,1,10,nothing,nothing,
59245253,0,16,tskmeans,100,7e-07,1,softdtw,100,True,True,1,10,nothing,nothing,
59253087,0,16,tskmeans,100,7e-07,1,softdtw,100,True,True,1,10,nothing,nothing,
59255437,2,16,tskmeans,100,7e-07,1,softdtw,100,True,True,1,10,nothing,nothing,
59263472,5,16,tskmeans,100,7e-07,1,softdtw,100,True,True,1,10,nothing,nothing,
59265547,11,16,tskmeans,100,7e-07,1,softdtw,100,True,True,1,10,nothing,nothing,
59269475,15,16,tskmeans,100,7e-07,1,softdtw,100,True,True,1,10,nothing,nothing,
59304439,0,16,tskmeans,100,7e-07,1,softdtw,100,True,True,1,10,nothing,nothing,
59306510,12,16,tskmeans,100,7e-07,1,softdtw,100,True,True,1,10,nothing,nothing,
59315095,0,16,tskmeans,100,7e-07,1,softdtw,100,True,True,1,10,nothing,nothing,
59322120,6,16,tskmeans,100,7e-07,1,softdtw,100,True,True,1,10,nothing,nothing,
59322566,2,16,tskmeans,100,7e-07,1,softdtw,100,True,True,1,10,nothing,nothing,
59326621,12,16,tskmeans,100,7e-07,1,softdtw,100,True,True,1,10,nothing,nothing,
59328075,0,16,tskmeans,100,7e-07,1,softdtw,100,True,True,1,10,nothing,nothing,
59328417,0,16,tskmeans,100,7e-07,1,softdtw,100,True,True,1,10,nothing,nothing,
59332878,7,16,tskmeans,100,7e-07,1,softdtw,100,True,True,1,10,nothing,nothing,
59336144,6,16,tskmeans,100,7e-07,1,softdtw,100,True,True,1,10,nothing,nothing,
59343449,0,16,tskmeans,100,7e-07,1,softdtw,100,True,True,1,10,nothing,nothing,
59347069,7,16,tskmeans,100,7e-07,1,softdtw,100,True,True,1,10,nothing,nothing,
59357528,15,16,tskmeans,100,7e-07,1,softdtw,100,True,True,1,10,nothing,nothing,
59358014,0,16,tskmeans,100,7e-07,1,softdtw,100,True,True,1,10,nothing,nothing,
59361259,6,16,tskmeans,100,7e-07,1,softdtw,100,True,True,1,10,nothing,nothing,
59362052,5,16,tskmeans,100,7e-07,1,softdtw,100,True,True,1,10,nothing,nothing,
59370858,11,16,tskmeans,100,7e-07,1,softdtw,100,True,True,1,10,nothing,nothing,
59383468,0,16,tskmeans,100,7e-07,1,softdtw,100,True,True,1,10,nothing,nothing,
59403087,0,16,tskmeans,100,7e-07,1,softdtw,100,True,True,1,10,nothing,nothing,
59405138,0,16,tskmeans,100,7e-07,1,softdtw,100,True,True,1,10,nothing,nothing,
59410253,12,16,tskmeans,100,7e-07,1,softdtw,100,True,True,1,10,nothing,nothing,
59414520,7,16,tskmeans,100,7e-07,1,softdtw,100,True,True,1,10,nothing,nothing,
59416237,6,16,tskmeans,100,7e-07,1,softdtw,100,True,True,1,10,nothing,nothing,
59417634,0,16,tskmeans,100,7e-07,1,softdtw,100,True,True,1,10,nothing,nothing,
59419318,0,16,tskmeans,100,7e-07,1,softdtw,100,True,True,1,10,nothing,nothing,
59424275,2,16,tskmeans,100,7e-07,1,softdtw,100,True,True,1,10,nothing,nothing,
59424439,12,16,tskmeans,100,7e-07,1,softdtw,100,True,True,1,10,nothing,nothing,
59437442,5,16,tskmeans,100,7e-07,1,softdtw,100,True,True,1,10,nothing,nothing,
59437536,0,16,tskmeans,100,7e-07,1,softdtw,100,True,True,1,10,nothing,nothing,
59441359,0,16,tskmeans,100,7e-07,1,softdtw,100,True,True,1,10,nothing,nothing,
59444400,5,16,tskmeans,100,7e-07,1,softdtw,100,True,True,1,10,nothing,nothing,
59449647,0,16,tskmeans,100,7e-07,1,softdtw,100,True,True,1,10,nothing,nothing,
59457490,0,16,tskmeans,100,7e-07,1,softdtw,100,True,True,1,10,nothing,nothing,
59462919,5,16,tskmeans,100,7e-07,1,softdtw,100,True,True,1,10,nothing,nothing,
59485696,6,16,tskmeans,100,7e-07,1,softdtw,100,True,True,1,10,nothing,nothing,
59489406,0,16,tskmeans,100,7e-07,1,softdtw,100,True,True,1,10,nothing,nothing,
59512400,0,16,tskmeans,100,7e-07,1,softdtw,100,True,True,1,10,nothing,nothing,
59528039,0,16,tskmeans,100,7e-07,1,softdtw,100,True,True,1,10,nothing,nothing,
59536543,15,16,tskmeans,100,7e-07,1,softdtw,100,True,True,1,10,nothing,nothing,
59556335,0,16,tskmeans,100,7e-07,1,softdtw,100,True,True,1,10,nothing,nothing,
59563195,0,16,tskmeans,100,7e-07,1,softdtw,100,True,True,1,10,nothing,nothing,
59563375,0,16,tskmeans,100,7e-07,1,softdtw,100,True,True,1,10,nothing,nothing,
59567154,0,16,tskmeans,100,7e-07,1,softdtw,100,True,True,1,10,nothing,nothing,
59570658,15,16,tskmeans,100,7e-07,1,softdtw,100,True,True,1,10,nothing,nothing,
59571746,15,16,tskmeans,100,7e-07,1,softdtw,100,True,True,1,10,nothing,nothing,
59572579,11,16,tskmeans,100,7e-07,1,softdtw,100,True,True,1,10,nothing,nothing,
59572934,7,16,tskmeans,100,7e-07,1,softdtw,100,True,True,1,10,nothing,nothing,
59575768,2,16,tskmeans,100,7e-07,1,softdtw,100,True,True,1,10,nothing,nothing,
59577777,12,16,tskmeans,100,7e-07,1,softdtw,100,True,True,1,10,nothing,nothing,
59577947,0,16,tskmeans,100,7e-07,1,softdtw,100,True,True,1,10,nothing,nothing,
59578711,0,16,tskmeans,100,7e-07,1,softdtw,100,True,True,1,10,nothing,nothing,
59582585,12,16,tskmeans,100,7e-07,1,softdtw,100,True,True,1,10,nothing,nothing,
59582927,0,16,tskmeans,100,7e-07,1,softdtw,100,True,True,1,10,nothing,nothing,
59636721,5,16,tskmeans,100,7e-07,1,softdtw,100,True,True,1,10,nothing,nothing,
59656653,0,16,tskmeans,100,7e-07,1,softdtw,100,True,True,1,10,nothing,nothing,
59666246,11,16,tskmeans,100,7e-07,1,softdtw,100,True,True,1,10,nothing,nothing,
59668935,11,16,tskmeans,100,7e-07,1,softdtw,100,True,True,1,10,nothing,nothing,
59680491,0,16,tskmeans,100,7e-07,1,softdtw,100,True,True,1,10,nothing,nothing,
59681036,2,16,tskmeans,100,7e-07,1,softdtw,100,True,True,1,10,nothing,nothing,
59694002,5,16,tskmeans,100,7e-07,1,softdtw,100,True,True,1,10,nothing,nothing,
59700401,10,16,tskmeans,100,7e-07,1,softdtw,100,True,True,1,10,nothing,nothing,
59701080,0,16,tskmeans,100,7e-07,1,softdtw,100,True,True,1,10,nothing,nothing,
59704125,4,16,tskmeans,100,7e-07,1,softdtw,100,True,True,1,10,nothing,nothing,
59704461,0,16,tskmeans,100,7e-07,1,softdtw,100,True,True,1,10,nothing,nothing,
59717694,0,16,tskmeans,100,7e-07,1,softdtw,100,True,True,1,10,nothing,nothing,
59719949,4,16,tskmeans,100,7e-07,1,softdtw,100,True,True,1,10,nothing,nothing,
59722416,0,16,tskmeans,100,7e-07,1,softdtw,100,True,True,1,10,nothing,nothing,
59722894,15,16,tskmeans,100,7e-07,1,softdtw,100,True,True,1,10,nothing,nothing,
59723361,15,16,tskmeans,100,7e-07,1,softdtw,100,True,True,1,10,nothing,nothing,
59725577,12,16,tskmeans,100,7e-07,1,softdtw,100,True,True,1,10,nothing,nothing,
59725867,15,16,tskmeans,100,7e-07,1,softdtw,100,True,True,1,10,nothing,nothing,
59726084,7,16,tskmeans,100,7e-07,1,softdtw,100,True,True,1,10,nothing,nothing,
59734556,0,16,tskmeans,100,7e-07,1,softdtw,100,True,True,1,10,nothing,nothing,
59734637,6,16,tskmeans,100,7e-07,1,softdtw,100,True,True,1,10,nothing,nothing,
59738695,0,16,tskmeans,100,7e-07,1,softdtw,100,True,True,1,10,nothing,nothing,
59746912,0,16,tskmeans,100,7e-07,1,softdtw,100,True,True,1,10,nothing,nothing,
59755268,0,16,tskmeans,100,7e-07,1,softdtw,100,True,True,1,10,nothing,nothing,
59763174,0,16,tskmeans,100,7e-07,1,softdtw,100,True,True,1,10,nothing,nothing,
59799666,0,16,tskmeans,100,7e-07,1,softdtw,100,True,True,1,10,nothing,nothing,
59834506,0,16,tskmeans,100,7e-07,1,softdtw,100,True,True,1,10,nothing,nothing,
59835049,0,16,tskmeans,100,7e-07,1,softdtw,100,True,True,1,10,nothing,nothing,
59845422,0,16,tskmeans,100,7e-07,1,softdtw,100,True,True,1,10,nothing,nothing,
59855586,0,16,tskmeans,100,7e-07,1,softdtw,100,True,True,1,10,nothing,nothing,
59861582,0,16,tskmeans,100,7e-07,1,softdtw,100,True,True,1,10,nothing,nothing,
59865749,7,16,tskmeans,100,7e-07,1,softdtw,100,True,True,1,10,nothing,nothing,
59868887,0,16,tskmeans,100,7e-07,1,softdtw,100,True,True,1,10,nothing,nothing,
59871389,12,16,tskmeans,100,7e-07,1,softdtw,100,True,True,1,10,nothing,nothing,
59872111,0,16,tskmeans,100,7e-07,1,softdtw,100,True,True,1,10,nothing,nothing,
59873633,15,16,tskmeans,100,7e-07,1,softdtw,100,True,True,1,10,nothing,nothing,
59873819,0,16,tskmeans,100,7e-07,1,softdtw,100,True,True,1,10,nothing,nothing,
59874501,11,16,tskmeans,100,7e-07,1,softdtw,100,True,True,1,10,nothing,nothing,
59878774,0,16,tskmeans,100,7e-07,1,softdtw,100,True,True,1,10,nothing,nothing,
59879371,4,16,tskmeans,100,7e-07,1,softdtw,100,True,True,1,10,nothing,nothing,
59881726,15,16,tskmeans,100,7e-07,1,softdtw,100,True,True,1,10,nothing,nothing,
59883364,0,16,tskmeans,100,7e-07,1,softdtw,100,True,True,1,10,nothing,nothing,
59889367,5,16,tskmeans,100,7e-07,1,softdtw,100,True,True,1,10,nothing,nothing,
59889434,5,16,tskmeans,100,7e-07,1,softdtw,100,True,True,1,10,nothing,nothing,
59903212,12,16,tskmeans,100,7e-07,1,softdtw,100,True,True,1,10,nothing,nothing,
59948725,4,16,tskmeans,100,7e-07,1,softdtw,100,True,True,1,10,nothing,nothing,
59966208,0,16,tskmeans,100,7e-07,1,softdtw,100,True,True,1,10,nothing,nothing,
59966242,15,16,tskmeans,100,7e-07,1,softdtw,100,True,True,1,10,nothing,nothing,
59967485,0,16,tskmeans,100,7e-07,1,softdtw,100,True,True,1,10,nothing,nothing,
59973987,12,16,tskmeans,100,7e-07,1,softdtw,100,True,True,1,10,nothing,nothing,
59979122,5,16,tskmeans,100,7e-07,1,softdtw,100,True,True,1,10,nothing,nothing,
59986594,12,16,tskmeans,100,7e-07,1,softdtw,100,True,True,1,10,nothing,nothing,
59995985,0,16,tskmeans,100,7e-07,1,softdtw,100,True,True,1,10,nothing,nothing,
60000455,11,16,tskmeans,100,7e-07,1,softdtw,100,True,True,1,10,nothing,nothing,
60002922,15,16,tskmeans,100,7e-07,1,softdtw,100,True,True,1,10,nothing,nothing,
60005347,15,16,tskmeans,100,7e-07,1,softdtw,100,True,True,1,10,nothing,nothing,
60006042,15,16,tskmeans,100,7e-07,1,softdtw,100,True,True,1,10,nothing,nothing,
60012674,0,16,tskmeans,100,7e-07,1,softdtw,100,True,True,1,10,nothing,nothing,
60019920,12,16,tskmeans,100,7e-07,1,softdtw,100,True,True,1,10,nothing,nothing,
60024657,0,16,tskmeans,100,7e-07,1,softdtw,100,True,True,1,10,nothing,nothing,
60025782,15,16,tskmeans,100,7e-07,1,softdtw,100,True,True,1,10,nothing,nothing,
60029948,0,16,tskmeans,100,7e-07,1,softdtw,100,True,True,1,10,nothing,nothing,
60057292,2,16,tskmeans,100,7e-07,1,softdtw,100,True,True,1,10,nothing,nothing,
60059234,0,16,tskmeans,100,7e-07,1,softdtw,100,True,True,1,10,nothing,nothing,
60081733,0,16,tskmeans,100,7e-07,1,softdtw,100,True,True,1,10,nothing,nothing,
60108855,12,16,tskmeans,100,7e-07,1,softdtw,100,True,True,1,10,nothing,nothing,
60112254,0,16,tskmeans,100,7e-07,1,softdtw,100,True,True,1,10,nothing,nothing,
60113884,12,16,tskmeans,100,7e-07,1,softdtw,100,True,True,1,10,nothing,nothing,
60124396,6,16,tskmeans,100,7e-07,1,softdtw,100,True,True,1,10,nothing,nothing,
60132443,0,16,tskmeans,100,7e-07,1,softdtw,100,True,True,1,10,nothing,nothing,
60134073,7,16,tskmeans,100,7e-07,1,softdtw,100,True,True,1,10,nothing,nothing,
60135960,0,16,tskmeans,100,7e-07,1,softdtw,100,True,True,1,10,nothing,nothing,
60144447,12,16,tskmeans,100,7e-07,1,softdtw,100,True,True,1,10,nothing,nothing,
60145683,11,16,tskmeans,100,7e-07,1,softdtw,100,True,True,1,10,nothing,nothing,
60146808,0,16,tskmeans,100,7e-07,1,softdtw,100,True,True,1,10,nothing,nothing,
60151525,0,16,tskmeans,100,7e-07,1,softdtw,100,True,True,1,10,nothing,nothing,
60152121,12,16,tskmeans,100,7e-07,1,softdtw,100,True,True,1,10,nothing,nothing,
60155011,12,16,tskmeans,100,7e-07,1,softdtw,100,True,True,1,10,nothing,nothing,
60155720,0,16,tskmeans,100,7e-07,1,softdtw,100,True,True,1,10,nothing,nothing,
60162669,0,16,tskmeans,100,7e-07,1,softdtw,100,True,True,1,10,nothing,nothing,
60168811,0,16,tskmeans,100,7e-07,1,softdtw,100,True,True,1,10,nothing,nothing,
60177655,0,16,tskmeans,100,7e-07,1,softdtw,100,True,True,1,10,nothing,nothing,
60179052,0,16,tskmeans,100,7e-07,1,softdtw,100,True,True,1,10,nothing,nothing,
60179692,0,16,tskmeans,100,7e-07,1,softdtw,100,True,True,1,10,nothing,nothing,
60180416,0,16,tskmeans,100,7e-07,1,softdtw,100,True,True,1,10,nothing,nothing,
60187486,5,16,tskmeans,100,7e-07,1,softdtw,100,True,True,1,10,nothing,nothing,
60187769,0,16,tskmeans,100,7e-07,1,softdtw,100,True,True,1,10,nothing,nothing,
60192773,2,16,tskmeans,100,7e-07,1,softdtw,100,True,True,1,10,nothing,nothing,
60202891,0,16,tskmeans,100,7e-07,1,softdtw,100,True,True,1,10,nothing,nothing,
60210291,0,16,tskmeans,100,7e-07,1,softdtw,100,True,True,1,10,nothing,nothing,
60230761,11,16,tskmeans,100,7e-07,1,softdtw,100,True,True,1,10,nothing,nothing,
60249974,12,16,tskmeans,100,7e-07,1,softdtw,100,True,True,1,10,nothing,nothing,
60251881,11,16,tskmeans,100,7e-07,1,softdtw,100,True,True,1,10,nothing,nothing,
60252489,11,16,tskmeans,100,7e-07,1,softdtw,100,True,True,1,10,nothing,nothing,
60253777,15,16,tskmeans,100,7e-07,1,softdtw,100,True,True,1,10,nothing,nothing,
60256911,5,16,tskmeans,100,7e-07,1,softdtw,100,True,True,1,10,nothing,nothing,
60260364,6,16,tskmeans,100,7e-07,1,softdtw,100,True,True,1,10,nothing,nothing,
60262759,0,16,tskmeans,100,7e-07,1,softdtw,100,True,True,1,10,nothing,nothing,
60266117,0,16,tskmeans,100,7e-07,1,softdtw,100,True,True,1,10,nothing,nothing,
60270728,0,16,tskmeans,100,7e-07,1,softdtw,100,True,True,1,10,nothing,nothing,
60271685,0,16,tskmeans,100,7e-07,1,softdtw,100,True,True,1,10,nothing,nothing,
60271983,12,16,tskmeans,100,7e-07,1,softdtw,100,True,True,1,10,nothing,nothing,
60287772,9,16,tskmeans,100,7e-07,1,softdtw,100,True,True,1,10,nothing,nothing,
60295023,0,16,tskmeans,100,7e-07,1,softdtw,100,True,True,1,10,nothing,nothing,
60301418,2,16,tskmeans,100,7e-07,1,softdtw,100,True,True,1,10,nothing,nothing,
60304542,7,16,tskmeans,100,7e-07,1,softdtw,100,True,True,1,10,nothing,nothing,
60307834,0,16,tskmeans,100,7e-07,1,softdtw,100,True,True,1,10,nothing,nothing,
60315941,0,16,tskmeans,100,7e-07,1,softdtw,100,True,True,1,10,nothing,nothing,
60320368,5,16,tskmeans,100,7e-07,1,softdtw,100,True,True,1,10,nothing,nothing,
60344793,0,16,tskmeans,100,7e-07,1,softdtw,100,True,True,1,10,nothing,nothing,
60364199,0,16,tskmeans,100,7e-07,1,softdtw,100,True,True,1,10,nothing,nothing,
60364354,11,16,tskmeans,100,7e-07,1,softdtw,100,True,True,1,10,nothing,nothing,
60367579,0,16,tskmeans,100,7e-07,1,softdtw,100,True,True,1,10,nothing,nothing,
60368899,0,16,tskmeans,100,7e-07,1,softdtw,100,True,True,1,10,nothing,nothing,
60375283,11,16,tskmeans,100,7e-07,1,softdtw,100,True,True,1,10,nothing,nothing,
60389094,11,16,tskmeans,100,7e-07,1,softdtw,100,True,True,1,10,nothing,nothing,
60391507,0,16,tskmeans,100,7e-07,1,softdtw,100,True,True,1,10,nothing,nothing,
60400714,0,16,tskmeans,100,7e-07,1,softdtw,100,True,True,1,10,nothing,nothing,
60404902,0,16,tskmeans,100,7e-07,1,softdtw,100,True,True,1,10,nothing,nothing,
60406502,0,16,tskmeans,100,7e-07,1,softdtw,100,True,True,1,10,nothing,nothing,
60407677,0,16,tskmeans,100,7e-07,1,softdtw,100,True,True,1,10,nothing,nothing,
60408131,2,16,tskmeans,100,7e-07,1,softdtw,100,True,True,1,10,nothing,nothing,
60408347,10,16,tskmeans,100,7e-07,1,softdtw,100,True,True,1,10,nothing,nothing,
60408682,0,16,tskmeans,100,7e-07,1,softdtw,100,True,True,1,10,nothing,nothing,
60412238,0,16,tskmeans,100,7e-07,1,softdtw,100,True,True,1,10,nothing,nothing,
60415317,6,16,tskmeans,100,7e-07,1,softdtw,100,True,True,1,10,nothing,nothing,
60425401,7,16,tskmeans,100,7e-07,1,softdtw,100,True,True,1,10,nothing,nothing,
60425716,0,16,tskmeans,100,7e-07,1,softdtw,100,True,True,1,10,nothing,nothing,
60432042,5,16,tskmeans,100,7e-07,1,softdtw,100,True,True,1,10,nothing,nothing,
60434233,0,16,tskmeans,100,7e-07,1,softdtw,100,True,True,1,10,nothing,nothing,
60464184,0,16,tskmeans,100,7e-07,1,softdtw,100,True,True,1,10,nothing,nothing,
60472682,11,16,tskmeans,100,7e-07,1,softdtw,100,True,True,1,10,nothing,nothing,
60476742,12,16,tskmeans,100,7e-07,1,softdtw,100,True,True,1,10,nothing,nothing,
60503588,0,16,tskmeans,100,7e-07,1,softdtw,100,True,True,1,10,nothing,nothing,
60508866,0,16,tskmeans,100,7e-07,1,softdtw,100,True,True,1,10,nothing,nothing,
60509234,11,16,tskmeans,100,7e-07,1,softdtw,100,True,True,1,10,nothing,nothing,
60513021,0,16,tskmeans,100,7e-07,1,softdtw,100,True,True,1,10,nothing,nothing,
60515434,0,16,tskmeans,100,7e-07,1,softdtw,100,True,True,1,10,nothing,nothing,
60519276,15,16,tskmeans,100,7e-07,1,softdtw,100,True,True,1,10,nothing,nothing,
60520979,15,16,tskmeans,100,7e-07,1,softdtw,100,True,True,1,10,nothing,nothing,
60523061,6,16,tskmeans,100,7e-07,1,softdtw,100,True,True,1,10,nothing,nothing,
60523821,5,16,tskmeans,100,7e-07,1,softdtw,100,True,True,1,10,nothing,nothing,
60523978,11,16,tskmeans,100,7e-07,1,softdtw,100,True,True,1,10,nothing,nothing,
60527355,6,16,tskmeans,100,7e-07,1,softdtw,100,True,True,1,10,nothing,nothing,
60529043,0,16,tskmeans,100,7e-07,1,softdtw,100,True,True,1,10,nothing,nothing,
60532351,2,16,tskmeans,100,7e-07,1,softdtw,100,True,True,1,10,nothing,nothing,
60532439,7,16,tskmeans,100,7e-07,1,softdtw,100,True,True,1,10,nothing,nothing,
60533461,0,16,tskmeans,100,7e-07,1,softdtw,100,True,True,1,10,nothing,nothing,
60544335,0,16,tskmeans,100,7e-07,1,softdtw,100,True,True,1,10,nothing,nothing,
60587440,0,16,tskmeans,100,7e-07,1,softdtw,100,True,True,1,10,nothing,nothing,
60590224,0,16,tskmeans,100,7e-07,1,softdtw,100,True,True,1,10,nothing,nothing,
60594372,0,16,tskmeans,100,7e-07,1,softdtw,100,True,True,1,10,nothing,nothing,
60600362,0,16,tskmeans,100,7e-07,1,softdtw,100,True,True,1,10,nothing,nothing,
60610409,0,16,tskmeans,100,7e-07,1,softdtw,100,True,True,1,10,nothing,nothing,
60617770,5,16,tskmeans,100,7e-07,1,softdtw,100,True,True,1,10,nothing,nothing,
60618743,15,16,tskmeans,100,7e-07,1,softdtw,100,True,True,1,10,nothing,nothing,
60619281,0,16,tskmeans,100,7e-07,1,softdtw,100,True,True,1,10,nothing,nothing,
60619916,6,16,tskmeans,100,7e-07,1,softdtw,100,True,True,1,10,nothing,nothing,
60620268,4,16,tskmeans,100,7e-07,1,softdtw,100,True,True,1,10,nothing,nothing,
60620792,11,16,tskmeans,100,7e-07,1,softdtw,100,True,True,1,10,nothing,nothing,
60623207,0,16,tskmeans,100,7e-07,1,softdtw,100,True,True,1,10,nothing,nothing,
60625863,0,16,tskmeans,100,7e-07,1,softdtw,100,True,True,1,10,nothing,nothing,
60628088,0,16,tskmeans,100,7e-07,1,softdtw,100,True,True,1,10,nothing,nothing,
60628988,0,16,tskmeans,100,7e-07,1,softdtw,100,True,True,1,10,nothing,nothing,
60634338,15,16,tskmeans,100,7e-07,1,softdtw,100,True,True,1,10,nothing,nothing,
60634620,4,16,tskmeans,100,7e-07,1,softdtw,100,True,True,1,10,nothing,nothing,
60637255,2,16,tskmeans,100,7e-07,1,softdtw,100,True,True,1,10,nothing,nothing,
60639934,0,16,tskmeans,100,7e-07,1,softdtw,100,True,True,1,10,nothing,nothing,
60642050,0,16,tskmeans,100,7e-07,1,softdtw,100,True,True,1,10,nothing,nothing,
60642326,0,16,tskmeans,100,7e-07,1,softdtw,100,True,True,1,10,nothing,nothing,
60667478,5,16,tskmeans,100,7e-07,1,softdtw,100,True,True,1,10,nothing,nothing,
60687210,0,16,tskmeans,100,7e-07,1,softdtw,100,True,True,1,10,nothing,nothing,
60699856,11,16,tskmeans,100,7e-07,1,softdtw,100,True,True,1,10,nothing,nothing,
60707727,6,16,tskmeans,100,7e-07,1,softdtw,100,True,True,1,10,nothing,nothing,
60713522,0,16,tskmeans,100,7e-07,1,softdtw,100,True,True,1,10,nothing,nothing,
60721053,2,16,tskmeans,100,7e-07,1,softdtw,100,True,True,1,10,nothing,nothing,
60730761,0,16,tskmeans,100,7e-07,1,softdtw,100,True,True,1,10,nothing,nothing,
60730981,5,16,tskmeans,100,7e-07,1,softdtw,100,True,True,1,10,nothing,nothing,
60739383,15,16,tskmeans,100,7e-07,1,softdtw,100,True,True,1,10,nothing,nothing,
60740647,11,16,tskmeans,100,7e-07,1,softdtw,100,True,True,1,10,nothing,nothing,
60742077,0,16,tskmeans,100,7e-07,1,softdtw,100,True,True,1,10,nothing,nothing,
60743059,0,16,tskmeans,100,7e-07,1,softdtw,100,True,True,1,10,nothing,nothing,
60748716,0,16,tskmeans,100,7e-07,1,softdtw,100,True,True,1,10,nothing,nothing,
60748722,7,16,tskmeans,100,7e-07,1,softdtw,100,True,True,1,10,nothing,nothing,
60749052,0,16,tskmeans,100,7e-07,1,softdtw,100,True,True,1,10,nothing,nothing,
60750559,5,16,tskmeans,100,7e-07,1,softdtw,100,True,True,1,10,nothing,nothing,
60752222,11,16,tskmeans,100,7e-07,1,softdtw,100,True,True,1,10,nothing,nothing,
60759491,15,16,tskmeans,100,7e-07,1,softdtw,100,True,True,1,10,nothing,nothing,
60759666,15,16,tskmeans,100,7e-07,1,softdtw,100,True,True,1,10,nothing,nothing,
60779825,13,16,tskmeans,100,7e-07,1,softdtw,100,True,True,1,10,nothing,nothing,
60815141,0,16,tskmeans,100,7e-07,1,softdtw,100,True,True,1,10,nothing,nothing,
60830234,11,16,tskmeans,100,7e-07,1,softdtw,100,True,True,1,10,nothing,nothing,
60830916,10,16,tskmeans,100,7e-07,1,softdtw,100,True,True,1,10,nothing,nothing,
60834144,0,16,tskmeans,100,7e-07,1,softdtw,100,True,True,1,10,nothing,nothing,
60843102,5,16,tskmeans,100,7e-07,1,softdtw,100,True,True,1,10,nothing,nothing,
60850761,10,16,tskmeans,100,7e-07,1,softdtw,100,True,True,1,10,nothing,nothing,
60858257,11,16,tskmeans,100,7e-07,1,softdtw,100,True,True,1,10,nothing,nothing,
60858377,0,16,tskmeans,100,7e-07,1,softdtw,100,True,True,1,10,nothing,nothing,
60865786,0,16,tskmeans,100,7e-07,1,softdtw,100,True,True,1,10,nothing,nothing,
60870257,7,16,tskmeans,100,7e-07,1,softdtw,100,True,True,1,10,nothing,nothing,
60874985,2,16,tskmeans,100,7e-07,1,softdtw,100,True,True,1,10,nothing,nothing,
60876841,12,16,tskmeans,100,7e-07,1,softdtw,100,True,True,1,10,nothing,nothing,
60877038,0,16,tskmeans,100,7e-07,1,softdtw,100,True,True,1,10,nothing,nothing,
60877322,0,16,tskmeans,100,7e-07,1,softdtw,100,True,True,1,10,nothing,nothing,
60881600,12,16,tskmeans,100,7e-07,1,softdtw,100,True,True,1,10,nothing,nothing,
60882919,2,16,tskmeans,100,7e-07,1,softdtw,100,True,True,1,10,nothing,nothing,
60883549,0,16,tskmeans,100,7e-07,1,softdtw,100,True,True,1,10,nothing,nothing,
60886649,0,16,tskmeans,100,7e-07,1,softdtw,100,True,True,1,10,nothing,nothing,
60892218,0,16,tskmeans,100,7e-07,1,softdtw,100,True,True,1,10,nothing,nothing,
60893513,0,16,tskmeans,100,7e-07,1,softdtw,100,True,True,1,10,nothing,nothing,
60929144,0,16,tskmeans,100,7e-07,1,softdtw,100,True,True,1,10,nothing,nothing,
60948218,0,16,tskmeans,100,7e-07,1,softdtw,100,True,True,1,10,nothing,nothing,
60957187,11,16,tskmeans,100,7e-07,1,softdtw,100,True,True,1,10,nothing,nothing,
60967282,2,16,tskmeans,100,7e-07,1,softdtw,100,True,True,1,10,nothing,nothing,
60969739,2,16,tskmeans,100,7e-07,1,softdtw,100,True,True,1,10,nothing,nothing,
60970433,5,16,tskmeans,100,7e-07,1,softdtw,100,True,True,1,10,nothing,nothing,
60971562,0,16,tskmeans,100,7e-07,1,softdtw,100,True,True,1,10,nothing,nothing,
60973851,0,16,tskmeans,100,7e-07,1,softdtw,100,True,True,1,10,nothing,nothing,
60977229,0,16,tskmeans,100,7e-07,1,softdtw,100,True,True,1,10,nothing,nothing,
60979962,7,16,tskmeans,100,7e-07,1,softdtw,100,True,True,1,10,nothing,nothing,
60986197,12,16,tskmeans,100,7e-07,1,softdtw,100,True,True,1,10,nothing,nothing,
60992610,15,16,tskmeans,100,7e-07,1,softdtw,100,True,True,1,10,nothing,nothing,
60996818,0,16,tskmeans,100,7e-07,1,softdtw,100,True,True,1,10,nothing,nothing,
60998452,15,16,tskmeans,100,7e-07,1,softdtw,100,True,True,1,10,nothing,nothing,
61000488,0,16,tskmeans,100,7e-07,1,softdtw,100,True,True,1,10,nothing,nothing,
61009717,0,16,tskmeans,100,7e-07,1,softdtw,100,True,True,1,10,nothing,nothing,
61019239,15,16,tskmeans,100,7e-07,1,softdtw,100,True,True,1,10,nothing,nothing,
61033887,0,16,tskmeans,100,7e-07,1,softdtw,100,True,True,1,10,nothing,nothing,
61041209,11,16,tskmeans,100,7e-07,1,softdtw,100,True,True,1,10,nothing,nothing,
61046596,0,16,tskmeans,100,7e-07,1,softdtw,100,True,True,1,10,nothing,nothing,
61055653,0,16,tskmeans,100,7e-07,1,softdtw,100,True,True,1,10,nothing,nothing,
61061204,0,16,tskmeans,100,7e-07,1,softdtw,100,True,True,1,10,nothing,nothing,
61067310,8,16,tskmeans,100,7e-07,1,softdtw,100,True,True,1,10,nothing,nothing,
61070408,6,16,tskmeans,100,7e-07,1,softdtw,100,True,True,1,10,nothing,nothing,
61071482,2,16,tskmeans,100,7e-07,1,softdtw,100,True,True,1,10,nothing,nothing,
61074528,2,16,tskmeans,100,7e-07,1,softdtw,100,True,True,1,10,nothing,nothing,
61076953,12,16,tskmeans,100,7e-07,1,softdtw,100,True,True,1,10,nothing,nothing,
61084409,0,16,tskmeans,100,7e-07,1,softdtw,100,True,True,1,10,nothing,nothing,
61088052,0,16,tskmeans,100,7e-07,1,softdtw,100,True,True,1,10,nothing,nothing,
61089894,6,16,tskmeans,100,7e-07,1,softdtw,100,True,True,1,10,nothing,nothing,
61090309,0,16,tskmeans,100,7e-07,1,softdtw,100,True,True,1,10,nothing,nothing,
61090956,0,16,tskmeans,100,7e-07,1,softdtw,100,True,True,1,10,nothing,nothing,
61095722,10,16,tskmeans,100,7e-07,1,softdtw,100,True,True,1,10,nothing,nothing,
61098812,0,16,tskmeans,100,7e-07,1,softdtw,100,True,True,1,10,nothing,nothing,
61099416,0,16,tskmeans,100,7e-07,1,softdtw,100,True,True,1,10,nothing,nothing,
61105513,5,16,tskmeans,100,7e-07,1,softdtw,100,True,True,1,10,nothing,nothing,
61110800,14,16,tskmeans,100,7e-07,1,softdtw,100,True,True,1,10,nothing,nothing,
61114308,0,16,tskmeans,100,7e-07,1,softdtw,100,True,True,1,10,nothing,nothing,
61144946,2,16,tskmeans,100,7e-07,1,softdtw,100,True,True,1,10,nothing,nothing,
61152958,2,16,tskmeans,100,7e-07,1,softdtw,100,True,True,1,10,nothing,nothing,
61155174,0,16,tskmeans,100,7e-07,1,softdtw,100,True,True,1,10,nothing,nothing,
61161782,0,16,tskmeans,100,7e-07,1,softdtw,100,True,True,1,10,nothing,nothing,
61162890,2,16,tskmeans,100,7e-07,1,softdtw,100,True,True,1,10,nothing,nothing,
61163334,6,16,tskmeans,100,7e-07,1,softdtw,100,True,True,1,10,nothing,nothing,
61166807,3,16,tskmeans,100,7e-07,1,softdtw,100,True,True,1,10,nothing,nothing,
61170377,0,16,tskmeans,100,7e-07,1,softdtw,100,True,True,1,10,nothing,nothing,
61171815,6,16,tskmeans,100,7e-07,1,softdtw,100,True,True,1,10,nothing,nothing,
61172827,7,16,tskmeans,100,7e-07,1,softdtw,100,True,True,1,10,nothing,nothing,
61180387,6,16,tskmeans,100,7e-07,1,softdtw,100,True,True,1,10,nothing,nothing,
61181600,0,16,tskmeans,100,7e-07,1,softdtw,100,True,True,1,10,nothing,nothing,
61183540,11,16,tskmeans,100,7e-07,1,softdtw,100,True,True,1,10,nothing,nothing,
61184153,12,16,tskmeans,100,7e-07,1,softdtw,100,True,True,1,10,nothing,nothing,
61185109,0,16,tskmeans,100,7e-07,1,softdtw,100,True,True,1,10,nothing,nothing,
61191772,0,16,tskmeans,100,7e-07,1,softdtw,100,True,True,1,10,nothing,nothing,
61193662,0,16,tskmeans,100,7e-07,1,softdtw,100,True,True,1,10,nothing,nothing,
61202406,2,16,tskmeans,100,7e-07,1,softdtw,100,True,True,1,10,nothing,nothing,
61214701,11,16,tskmeans,100,7e-07,1,softdtw,100,True,True,1,10,nothing,nothing,
61228465,0,16,tskmeans,100,7e-07,1,softdtw,100,True,True,1,10,nothing,nothing,
61252168,0,16,tskmeans,100,7e-07,1,softdtw,100,True,True,1,10,nothing,nothing,
61256321,12,16,tskmeans,100,7e-07,1,softdtw,100,True,True,1,10,nothing,nothing,
61259867,0,16,tskmeans,100,7e-07,1,softdtw,100,True,True,1,10,nothing,nothing,
61275995,11,16,tskmeans,100,7e-07,1,softdtw,100,True,True,1,10,nothing,nothing,
61277127,0,16,tskmeans,100,7e-07,1,softdtw,100,True,True,1,10,nothing,nothing,
61278330,0,16,tskmeans,100,7e-07,1,softdtw,100,True,True,1,10,nothing,nothing,
61279127,0,16,tskmeans,100,7e-07,1,softdtw,100,True,True,1,10,nothing,nothing,
61281800,0,16,tskmeans,100,7e-07,1,softdtw,100,True,True,1,10,nothing,nothing,
61281846,0,16,tskmeans,100,7e-07,1,softdtw,100,True,True,1,10,nothing,nothing,
61283771,5,16,tskmeans,100,7e-07,1,softdtw,100,True,True,1,10,nothing,nothing,
61291748,0,16,tskmeans,100,7e-07,1,softdtw,100,True,True,1,10,nothing,nothing,
61294810,10,16,tskmeans,100,7e-07,1,softdtw,100,True,True,1,10,nothing,nothing,
61305636,7,16,tskmeans,100,7e-07,1,softdtw,100,True,True,1,10,nothing,nothing,
61305802,6,16,tskmeans,100,7e-07,1,softdtw,100,True,True,1,10,nothing,nothing,
61327172,0,16,tskmeans,100,7e-07,1,softdtw,100,True,True,1,10,nothing,nothing,
61341631,14,16,tskmeans,100,7e-07,1,softdtw,100,True,True,1,10,nothing,nothing,
61342594,12,16,tskmeans,100,7e-07,1,softdtw,100,True,True,1,10,nothing,nothing,
61349325,0,16,tskmeans,100,7e-07,1,softdtw,100,True,True,1,10,nothing,nothing,
61352831,0,16,tskmeans,100,7e-07,1,softdtw,100,True,True,1,10,nothing,nothing,
61370708,0,16,tskmeans,100,7e-07,1,softdtw,100,True,True,1,10,nothing,nothing,
61373494,11,16,tskmeans,100,7e-07,1,softdtw,100,True,True,1,10,nothing,nothing,
61374625,0,16,tskmeans,100,7e-07,1,softdtw,100,True,True,1,10,nothing,nothing,
61376010,0,16,tskmeans,100,7e-07,1,softdtw,100,True,True,1,10,nothing,nothing,
61376420,6,16,tskmeans,100,7e-07,1,softdtw,100,True,True,1,10,nothing,nothing,
61378449,0,16,tskmeans,100,7e-07,1,softdtw,100,True,True,1,10,nothing,nothing,
61385534,0,16,tskmeans,100,7e-07,1,softdtw,100,True,True,1,10,nothing,nothing,
61389483,0,16,tskmeans,100,7e-07,1,softdtw,100,True,True,1,10,nothing,nothing,
61395565,7,16,tskmeans,100,7e-07,1,softdtw,100,True,True,1,10,nothing,nothing,
61397021,6,16,tskmeans,100,7e-07,1,softdtw,100,True,True,1,10,nothing,nothing,
61402604,0,16,tskmeans,100,7e-07,1,softdtw,100,True,True,1,10,nothing,nothing,
61417021,5,16,tskmeans,100,7e-07,1,softdtw,100,True,True,1,10,nothing,nothing,
61435499,0,16,tskmeans,100,7e-07,1,softdtw,100,True,True,1,10,nothing,nothing,
61445438,11,16,tskmeans,100,7e-07,1,softdtw,100,True,True,1,10,nothing,nothing,
61472361,12,16,tskmeans,100,7e-07,1,softdtw,100,True,True,1,10,nothing,nothing,
61474771,9,16,tskmeans,100,7e-07,1,softdtw,100,True,True,1,10,nothing,nothing,
61474994,9,16,tskmeans,100,7e-07,1,softdtw,100,True,True,1,10,nothing,nothing,
61485220,15,16,tskmeans,100,7e-07,1,softdtw,100,True,True,1,10,nothing,nothing,
61490168,0,16,tskmeans,100,7e-07,1,softdtw,100,True,True,1,10,nothing,nothing,
61491236,2,16,tskmeans,100,7e-07,1,softdtw,100,True,True,1,10,nothing,nothing,
61491310,0,16,tskmeans,100,7e-07,1,softdtw,100,True,True,1,10,nothing,nothing,
61491854,0,16,tskmeans,100,7e-07,1,softdtw,100,True,True,1,10,nothing,nothing,
61491983,0,16,tskmeans,100,7e-07,1,softdtw,100,True,True,1,10,nothing,nothing,
61492173,0,16,tskmeans,100,7e-07,1,softdtw,100,True,True,1,10,nothing,nothing,
61492273,11,16,tskmeans,100,7e-07,1,softdtw,100,True,True,1,10,nothing,nothing,
61503671,7,16,tskmeans,100,7e-07,1,softdtw,100,True,True,1,10,nothing,nothing,
61504354,0,16,tskmeans,100,7e-07,1,softdtw,100,True,True,1,10,nothing,nothing,
61504600,6,16,tskmeans,100,7e-07,1,softdtw,100,True,True,1,10,nothing,nothing,
61509092,0,16,tskmeans,100,7e-07,1,softdtw,100,True,True,1,10,nothing,nothing,
61509848,0,16,tskmeans,100,7e-07,1,softdtw,100,True,True,1,10,nothing,nothing,
61520926,2,16,tskmeans,100,7e-07,1,softdtw,100,True,True,1,10,nothing,nothing,
61544438,0,16,tskmeans,100,7e-07,1,softdtw,100,True,True,1,10,nothing,nothing,
61558418,0,16,tskmeans,100,7e-07,1,softdtw,100,True,True,1,10,nothing,nothing,
61573799,6,16,tskmeans,100,7e-07,1,softdtw,100,True,True,1,10,nothing,nothing,
61577499,6,16,tskmeans,100,7e-07,1,softdtw,100,True,True,1,10,nothing,nothing,
61597787,0,16,tskmeans,100,7e-07,1,softdtw,100,True,True,1,10,nothing,nothing,
61603291,0,16,tskmeans,100,7e-07,1,softdtw,100,True,True,1,10,nothing,nothing,
61604377,0,16,tskmeans,100,7e-07,1,softdtw,100,True,True,1,10,nothing,nothing,
61606379,0,16,tskmeans,100,7e-07,1,softdtw,100,True,True,1,10,nothing,nothing,
61606694,0,16,tskmeans,100,7e-07,1,softdtw,100,True,True,1,10,nothing,nothing,
61608427,6,16,tskmeans,100,7e-07,1,softdtw,100,True,True,1,10,nothing,nothing,
61610217,0,16,tskmeans,100,7e-07,1,softdtw,100,True,True,1,10,nothing,nothing,
61610864,0,16,tskmeans,100,7e-07,1,softdtw,100,True,True,1,10,nothing,nothing,
61611458,7,16,tskmeans,100,7e-07,1,softdtw,100,True,True,1,10,nothing,nothing,
61616860,0,16,tskmeans,100,7e-07,1,softdtw,100,True,True,1,10,nothing,nothing,
61625615,7,16,tskmeans,100,7e-07,1,softdtw,100,True,True,1,10,nothing,nothing,
61627435,0,16,tskmeans,100,7e-07,1,softdtw,100,True,True,1,10,nothing,nothing,
61627547,0,16,tskmeans,100,7e-07,1,softdtw,100,True,True,1,10,nothing,nothing,
61629127,0,16,tskmeans,100,7e-07,1,softdtw,100,True,True,1,10,nothing,nothing,
61631806,0,16,tskmeans,100,7e-07,1,softdtw,100,True,True,1,10,nothing,nothing,
61633358,0,16,tskmeans,100,7e-07,1,softdtw,100,True,True,1,10,nothing,nothing,
61634628,12,16,tskmeans,100,7e-07,1,softdtw,100,True,True,1,10,nothing,nothing,
61642590,9,16,tskmeans,100,7e-07,1,softdtw,100,True,True,1,10,nothing,nothing,
61653841,0,16,tskmeans,100,7e-07,1,softdtw,100,True,True,1,10,nothing,nothing,
61673693,0,16,tskmeans,100,7e-07,1,softdtw,100,True,True,1,10,nothing,nothing,
61681715,11,16,tskmeans,100,7e-07,1,softdtw,100,True,True,1,10,nothing,nothing,
61688738,6,16,tskmeans,100,7e-07,1,softdtw,100,True,True,1,10,nothing,nothing,
61695431,0,16,tskmeans,100,7e-07,1,softdtw,100,True,True,1,10,nothing,nothing,
61699762,0,16,tskmeans,100,7e-07,1,softdtw,100,True,True,1,10,nothing,nothing,
61700411,0,16,tskmeans,100,7e-07,1,softdtw,100,True,True,1,10,nothing,nothing,
61700709,0,16,tskmeans,100,7e-07,1,softdtw,100,True,True,1,10,nothing,nothing,
61703778,12,16,tskmeans,100,7e-07,1,softdtw,100,True,True,1,10,nothing,nothing,
61706228,0,16,tskmeans,100,7e-07,1,softdtw,100,True,True,1,10,nothing,nothing,
61714993,0,16,tskmeans,100,7e-07,1,softdtw,100,True,True,1,10,nothing,nothing,
61717558,15,16,tskmeans,100,7e-07,1,softdtw,100,True,True,1,10,nothing,nothing,
61721298,0,16,tskmeans,100,7e-07,1,softdtw,100,True,True,1,10,nothing,nothing,
61723793,5,16,tskmeans,100,7e-07,1,softdtw,100,True,True,1,10,nothing,nothing,
61726827,7,16,tskmeans,100,7e-07,1,softdtw,100,True,True,1,10,nothing,nothing,
61727871,0,16,tskmeans,100,7e-07,1,softdtw,100,True,True,1,10,nothing,nothing,
61729226,0,16,tskmeans,100,7e-07,1,softdtw,100,True,True,1,10,nothing,nothing,
61729347,15,16,tskmeans,100,7e-07,1,softdtw,100,True,True,1,10,nothing,nothing,
61730948,0,16,tskmeans,100,7e-07,1,softdtw,100,True,True,1,10,nothing,nothing,
61738342,2,16,tskmeans,100,7e-07,1,softdtw,100,True,True,1,10,nothing,nothing,
61740042,0,16,tskmeans,100,7e-07,1,softdtw,100,True,True,1,10,nothing,nothing,
61741660,12,16,tskmeans,100,7e-07,1,softdtw,100,True,True,1,10,nothing,nothing,
61745427,6,16,tskmeans,100,7e-07,1,softdtw,100,True,True,1,10,nothing,nothing,
61746199,0,16,tskmeans,100,7e-07,1,softdtw,100,True,True,1,10,nothing,nothing,
61746235,0,16,tskmeans,100,7e-07,1,softdtw,100,True,True,1,10,nothing,nothing,
61752817,0,16,tskmeans,100,7e-07,1,softdtw,100,True,True,1,10,nothing,nothing,
61770918,0,16,tskmeans,100,7e-07,1,softdtw,100,True,True,1,10,nothing,nothing,
61790117,0,16,tskmeans,100,7e-07,1,softdtw,100,True,True,1,10,nothing,nothing,
61791054,2,16,tskmeans,100,7e-07,1,softdtw,100,True,True,1,10,nothing,nothing,
61803110,5,16,tskmeans,100,7e-07,1,softdtw,100,True,True,1,10,nothing,nothing,
61804660,2,16,tskmeans,100,7e-07,1,softdtw,100,True,True,1,10,nothing,nothing,
61805622,11,16,tskmeans,100,7e-07,1,softdtw,100,True,True,1,10,nothing,nothing,
61810217,0,16,tskmeans,100,7e-07,1,softdtw,100,True,True,1,10,nothing,nothing,
61810477,12,16,tskmeans,100,7e-07,1,softdtw,100,True,True,1,10,nothing,nothing,
61810627,0,16,tskmeans,100,7e-07,1,softdtw,100,True,True,1,10,nothing,nothing,
61813785,6,16,tskmeans,100,7e-07,1,softdtw,100,True,True,1,10,nothing,nothing,
61823503,0,16,tskmeans,100,7e-07,1,softdtw,100,True,True,1,10,nothing,nothing,
61825115,14,16,tskmeans,100,7e-07,1,softdtw,100,True,True,1,10,nothing,nothing,
61827531,0,16,tskmeans,100,7e-07,1,softdtw,100,True,True,1,10,nothing,nothing,
61835578,7,16,tskmeans,100,7e-07,1,softdtw,100,True,True,1,10,nothing,nothing,
61839297,0,16,tskmeans,100,7e-07,1,softdtw,100,True,True,1,10,nothing,nothing,
61855183,0,16,tskmeans,100,7e-07,1,softdtw,100,True,True,1,10,nothing,nothing,
61865308,2,16,tskmeans,100,7e-07,1,softdtw,100,True,True,1,10,nothing,nothing,
61866476,0,16,tskmeans,100,7e-07,1,softdtw,100,True,True,1,10,nothing,nothing,
61870953,0,16,tskmeans,100,7e-07,1,softdtw,100,True,True,1,10,nothing,nothing,
61872003,0,16,tskmeans,100,7e-07,1,softdtw,100,True,True,1,10,nothing,nothing,
61873581,0,16,tskmeans,100,7e-07,1,softdtw,100,True,True,1,10,nothing,nothing,
61884463,0,16,tskmeans,100,7e-07,1,softdtw,100,True,True,1,10,nothing,nothing,
61890068,6,16,tskmeans,100,7e-07,1,softdtw,100,True,True,1,10,nothing,nothing,
61894019,2,16,tskmeans,100,7e-07,1,softdtw,100,True,True,1,10,nothing,nothing,
61895344,0,16,tskmeans,100,7e-07,1,softdtw,100,True,True,1,10,nothing,nothing,
61906147,0,16,tskmeans,100,7e-07,1,softdtw,100,True,True,1,10,nothing,nothing,
61910186,5,16,tskmeans,100,7e-07,1,softdtw,100,True,True,1,10,nothing,nothing,
61914408,12,16,tskmeans,100,7e-07,1,softdtw,100,True,True,1,10,nothing,nothing,
61914477,0,16,tskmeans,100,7e-07,1,softdtw,100,True,True,1,10,nothing,nothing,
61914765,12,16,tskmeans,100,7e-07,1,softdtw,100,True,True,1,10,nothing,nothing,
61919524,15,16,tskmeans,100,7e-07,1,softdtw,100,True,True,1,10,nothing,nothing,
61921056,0,16,tskmeans,100,7e-07,1,softdtw,100,True,True,1,10,nothing,nothing,
61923691,15,16,tskmeans,100,7e-07,1,softdtw,100,True,True,1,10,nothing,nothing,
61925208,0,16,tskmeans,100,7e-07,1,softdtw,100,True,True,1,10,nothing,nothing,
61951747,0,16,tskmeans,100,7e-07,1,softdtw,100,True,True,1,10,nothing,nothing,
61959440,11,16,tskmeans,100,7e-07,1,softdtw,100,True,True,1,10,nothing,nothing,
61981542,0,16,tskmeans,100,7e-07,1,softdtw,100,True,True,1,10,nothing,nothing,
61989087,7,16,tskmeans,100,7e-07,1,softdtw,100,True,True,1,10,nothing,nothing,
61990725,0,16,tskmeans,100,7e-07,1,softdtw,100,True,True,1,10,nothing,nothing,
62001527,13,16,tskmeans,100,7e-07,1,softdtw,100,True,True,1,10,nothing,nothing,
62004591,1,16,tskmeans,100,7e-07,1,softdtw,100,True,True,1,10,nothing,nothing,
62006777,11,16,tskmeans,100,7e-07,1,softdtw,100,True,True,1,10,nothing,nothing,
62007342,0,16,tskmeans,100,7e-07,1,softdtw,100,True,True,1,10,nothing,nothing,
62008597,15,16,tskmeans,100,7e-07,1,softdtw,100,True,True,1,10,nothing,nothing,
62012945,0,16,tskmeans,100,7e-07,1,softdtw,100,True,True,1,10,nothing,nothing,
62013542,15,16,tskmeans,100,7e-07,1,softdtw,100,True,True,1,10,nothing,nothing,
62017620,6,16,tskmeans,100,7e-07,1,softdtw,100,True,True,1,10,nothing,nothing,
62018152,0,16,tskmeans,100,7e-07,1,softdtw,100,True,True,1,10,nothing,nothing,
62023503,0,16,tskmeans,100,7e-07,1,softdtw,100,True,True,1,10,nothing,nothing,
62023768,10,16,tskmeans,100,7e-07,1,softdtw,100,True,True,1,10,nothing,nothing,
62024022,6,16,tskmeans,100,7e-07,1,softdtw,100,True,True,1,10,nothing,nothing,
62149731,1,16,tskmeans,100,7e-07,1,softdtw,100,True,True,1,10,nothing,nothing,
62202629,4,16,tskmeans,100,7e-07,1,softdtw,100,True,True,1,10,nothing,nothing,
62215158,0,16,tskmeans,100,7e-07,1,softdtw,100,True,True,1,10,nothing,nothing,
62234394,0,16,tskmeans,100,7e-07,1,softdtw,100,True,True,1,10,nothing,nothing,
62237046,0,16,tskmeans,100,7e-07,1,softdtw,100,True,True,1,10,nothing,nothing,
62237491,0,16,tskmeans,100,7e-07,1,softdtw,100,True,True,1,10,nothing,nothing,
62237904,0,16,tskmeans,100,7e-07,1,softdtw,100,True,True,1,10,nothing,nothing,
62239860,12,16,tskmeans,100,7e-07,1,softdtw,100,True,True,1,10,nothing,nothing,
62241464,11,16,tskmeans,100,7e-07,1,softdtw,100,True,True,1,10,nothing,nothing,
62244944,11,16,tskmeans,100,7e-07,1,softdtw,100,True,True,1,10,nothing,nothing,
62246142,7,16,tskmeans,100,7e-07,1,softdtw,100,True,True,1,10,nothing,nothing,
62247904,0,16,tskmeans,100,7e-07,1,softdtw,100,True,True,1,10,nothing,nothing,
62249554,0,16,tskmeans,100,7e-07,1,softdtw,100,True,True,1,10,nothing,nothing,
62253293,0,16,tskmeans,100,7e-07,1,softdtw,100,True,True,1,10,nothing,nothing,
62257316,0,16,tskmeans,100,7e-07,1,softdtw,100,True,True,1,10,nothing,nothing,
62264642,10,16,tskmeans,100,7e-07,1,softdtw,100,True,True,1,10,nothing,nothing,
62270574,2,16,tskmeans,100,7e-07,1,softdtw,100,True,True,1,10,nothing,nothing,
62274690,0,16,tskmeans,100,7e-07,1,softdtw,100,True,True,1,10,nothing,nothing,
62281203,0,16,tskmeans,100,7e-07,1,softdtw,100,True,True,1,10,nothing,nothing,
62288166,5,16,tskmeans,100,7e-07,1,softdtw,100,True,True,1,10,nothing,nothing,
62314985,15,16,tskmeans,100,7e-07,1,softdtw,100,True,True,1,10,nothing,nothing,
62330250,6,16,tskmeans,100,7e-07,1,softdtw,100,True,True,1,10,nothing,nothing,
62336247,0,16,tskmeans,100,7e-07,1,softdtw,100,True,True,1,10,nothing,nothing,
62342981,6,16,tskmeans,100,7e-07,1,softdtw,100,True,True,1,10,nothing,nothing,
62344324,12,16,tskmeans,100,7e-07,1,softdtw,100,True,True,1,10,nothing,nothing,
62344651,0,16,tskmeans,100,7e-07,1,softdtw,100,True,True,1,10,nothing,nothing,
62351863,10,16,tskmeans,100,7e-07,1,softdtw,100,True,True,1,10,nothing,nothing,
62365843,2,16,tskmeans,100,7e-07,1,softdtw,100,True,True,1,10,nothing,nothing,
62371232,4,16,tskmeans,100,7e-07,1,softdtw,100,True,True,1,10,nothing,nothing,
62372700,12,16,tskmeans,100,7e-07,1,softdtw,100,True,True,1,10,nothing,nothing,
62373711,15,16,tskmeans,100,7e-07,1,softdtw,100,True,True,1,10,nothing,nothing,
62374832,0,16,tskmeans,100,7e-07,1,softdtw,100,True,True,1,10,nothing,nothing,
62375360,15,16,tskmeans,100,7e-07,1,softdtw,100,True,True,1,10,nothing,nothing,
62379855,7,16,tskmeans,100,7e-07,1,softdtw,100,True,True,1,10,nothing,nothing,
62380238,3,16,tskmeans,100,7e-07,1,softdtw,100,True,True,1,10,nothing,nothing,
62383802,15,16,tskmeans,100,7e-07,1,softdtw,100,True,True,1,10,nothing,nothing,
62387832,5,16,tskmeans,100,7e-07,1,softdtw,100,True,True,1,10,nothing,nothing,
62388242,0,16,tskmeans,100,7e-07,1,softdtw,100,True,True,1,10,nothing,nothing,
62391329,0,16,tskmeans,100,7e-07,1,softdtw,100,True,True,1,10,nothing,nothing,
62403185,0,16,tskmeans,100,7e-07,1,softdtw,100,True,True,1,10,nothing,nothing,
62412820,0,16,tskmeans,100,7e-07,1,softdtw,100,True,True,1,10,nothing,nothing,
62454080,0,16,tskmeans,100,7e-07,1,softdtw,100,True,True,1,10,nothing,nothing,
62481324,2,16,tskmeans,100,7e-07,1,softdtw,100,True,True,1,10,nothing,nothing,
62482945,0,16,tskmeans,100,7e-07,1,softdtw,100,True,True,1,10,nothing,nothing,
62487983,6,16,tskmeans,100,7e-07,1,softdtw,100,True,True,1,10,nothing,nothing,
62490504,12,16,tskmeans,100,7e-07,1,softdtw,100,True,True,1,10,nothing,nothing,
62492670,0,16,tskmeans,100,7e-07,1,softdtw,100,True,True,1,10,nothing,nothing,
62506104,5,16,tskmeans,100,7e-07,1,softdtw,100,True,True,1,10,nothing,nothing,
62518697,0,16,tskmeans,100,7e-07,1,softdtw,100,True,True,1,10,nothing,nothing,
62521329,0,16,tskmeans,100,7e-07,1,softdtw,100,True,True,1,10,nothing,nothing,
62521781,0,16,tskmeans,100,7e-07,1,softdtw,100,True,True,1,10,nothing,nothing,
62522097,7,16,tskmeans,100,7e-07,1,softdtw,100,True,True,1,10,nothing,nothing,
62525172,0,16,tskmeans,100,7e-07,1,softdtw,100,True,True,1,10,nothing,nothing,
62525294,0,16,tskmeans,100,7e-07,1,softdtw,100,True,True,1,10,nothing,nothing,
62529449,0,16,tskmeans,100,7e-07,1,softdtw,100,True,True,1,10,nothing,nothing,
62530688,0,16,tskmeans,100,7e-07,1,softdtw,100,True,True,1,10,nothing,nothing,
62532708,0,16,tskmeans,100,7e-07,1,softdtw,100,True,True,1,10,nothing,nothing,
62543853,0,16,tskmeans,100,7e-07,1,softdtw,100,True,True,1,10,nothing,nothing,
62546258,0,16,tskmeans,100,7e-07,1,softdtw,100,True,True,1,10,nothing,nothing,
62548406,0,16,tskmeans,100,7e-07,1,softdtw,100,True,True,1,10,nothing,nothing,
62549486,0,16,tskmeans,100,7e-07,1,softdtw,100,True,True,1,10,nothing,nothing,
62579604,0,16,tskmeans,100,7e-07,1,softdtw,100,True,True,1,10,nothing,nothing,
62606657,0,16,tskmeans,100,7e-07,1,softdtw,100,True,True,1,10,nothing,nothing,
62614266,3,16,tskmeans,100,7e-07,1,softdtw,100,True,True,1,10,nothing,nothing,
62615452,14,16,tskmeans,100,7e-07,1,softdtw,100,True,True,1,10,nothing,nothing,
62623205,0,16,tskmeans,100,7e-07,1,softdtw,100,True,True,1,10,nothing,nothing,
62623853,0,16,tskmeans,100,7e-07,1,softdtw,100,True,True,1,10,nothing,nothing,
62636259,0,16,tskmeans,100,7e-07,1,softdtw,100,True,True,1,10,nothing,nothing,
62637054,0,16,tskmeans,100,7e-07,1,softdtw,100,True,True,1,10,nothing,nothing,
62638457,2,16,tskmeans,100,7e-07,1,softdtw,100,True,True,1,10,nothing,nothing,
62642640,12,16,tskmeans,100,7e-07,1,softdtw,100,True,True,1,10,nothing,nothing,
62649014,0,16,tskmeans,100,7e-07,1,softdtw,100,True,True,1,10,nothing,nothing,
62649087,15,16,tskmeans,100,7e-07,1,softdtw,100,True,True,1,10,nothing,nothing,
62654067,0,16,tskmeans,100,7e-07,1,softdtw,100,True,True,1,10,nothing,nothing,
62656179,7,16,tskmeans,100,7e-07,1,softdtw,100,True,True,1,10,nothing,nothing,
62657142,2,16,tskmeans,100,7e-07,1,softdtw,100,True,True,1,10,nothing,nothing,
62664886,0,16,tskmeans,100,7e-07,1,softdtw,100,True,True,1,10,nothing,nothing,
62674660,5,16,tskmeans,100,7e-07,1,softdtw,100,True,True,1,10,nothing,nothing,
62679963,11,16,tskmeans,100,7e-07,1,softdtw,100,True,True,1,10,nothing,nothing,
62713763,2,16,tskmeans,100,7e-07,1,softdtw,100,True,True,1,10,nothing,nothing,
62716872,15,16,tskmeans,100,7e-07,1,softdtw,100,True,True,1,10,nothing,nothing,
62722975,14,16,tskmeans,100,7e-07,1,softdtw,100,True,True,1,10,nothing,nothing,
62724625,0,16,tskmeans,100,7e-07,1,softdtw,100,True,True,1,10,nothing,nothing,
62727474,14,16,tskmeans,100,7e-07,1,softdtw,100,True,True,1,10,nothing,nothing,
62733792,12,16,tskmeans,100,7e-07,1,softdtw,100,True,True,1,10,nothing,nothing,
62735298,7,16,tskmeans,100,7e-07,1,softdtw,100,True,True,1,10,nothing,nothing,
62738124,0,16,tskmeans,100,7e-07,1,softdtw,100,True,True,1,10,nothing,nothing,
62740975,3,16,tskmeans,100,7e-07,1,softdtw,100,True,True,1,10,nothing,nothing,
62741372,11,16,tskmeans,100,7e-07,1,softdtw,100,True,True,1,10,nothing,nothing,
62743520,0,16,tskmeans,100,7e-07,1,softdtw,100,True,True,1,10,nothing,nothing,
62755744,0,16,tskmeans,100,7e-07,1,softdtw,100,True,True,1,10,nothing,nothing,
62769778,12,16,tskmeans,100,7e-07,1,softdtw,100,True,True,1,10,nothing,nothing,
62770006,0,16,tskmeans,100,7e-07,1,softdtw,100,True,True,1,10,nothing,nothing,
62783229,0,16,tskmeans,100,7e-07,1,softdtw,100,True,True,1,10,nothing,nothing,
62791027,0,16,tskmeans,100,7e-07,1,softdtw,100,True,True,1,10,nothing,nothing,
62812267,4,16,tskmeans,100,7e-07,1,softdtw,100,True,True,1,10,nothing,nothing,
62817098,0,16,tskmeans,100,7e-07,1,softdtw,100,True,True,1,10,nothing,nothing,
62835277,11,16,tskmeans,100,7e-07,1,softdtw,100,True,True,1,10,nothing,nothing,
62836030,0,16,tskmeans,100,7e-07,1,softdtw,100,True,True,1,10,nothing,nothing,
62855085,0,16,tskmeans,100,7e-07,1,softdtw,100,True,True,1,10,nothing,nothing,
62856955,15,16,tskmeans,100,7e-07,1,softdtw,100,True,True,1,10,nothing,nothing,
62861486,15,16,tskmeans,100,7e-07,1,softdtw,100,True,True,1,10,nothing,nothing,
62863626,6,16,tskmeans,100,7e-07,1,softdtw,100,True,True,1,10,nothing,nothing,
62864995,5,16,tskmeans,100,7e-07,1,softdtw,100,True,True,1,10,nothing,nothing,
62867945,12,16,tskmeans,100,7e-07,1,softdtw,100,True,True,1,10,nothing,nothing,
62875656,0,16,tskmeans,100,7e-07,1,softdtw,100,True,True,1,10,nothing,nothing,
62875843,15,16,tskmeans,100,7e-07,1,softdtw,100,True,True,1,10,nothing,nothing,
62876221,0,16,tskmeans,100,7e-07,1,softdtw,100,True,True,1,10,nothing,nothing,
62876364,0,16,tskmeans,100,7e-07,1,softdtw,100,True,True,1,10,nothing,nothing,
62880228,4,16,tskmeans,100,7e-07,1,softdtw,100,True,True,1,10,nothing,nothing,
62881055,7,16,tskmeans,100,7e-07,1,softdtw,100,True,True,1,10,nothing,nothing,
62882424,0,16,tskmeans,100,7e-07,1,softdtw,100,True,True,1,10,nothing,nothing,
62886087,0,16,tskmeans,100,7e-07,1,softdtw,100,True,True,1,10,nothing,nothing,
62893918,10,16,tskmeans,100,7e-07,1,softdtw,100,True,True,1,10,nothing,nothing,
62897020,0,16,tskmeans,100,7e-07,1,softdtw,100,True,True,1,10,nothing,nothing,
62898709,12,16,tskmeans,100,7e-07,1,softdtw,100,True,True,1,10,nothing,nothing,
62943109,11,16,tskmeans,100,7e-07,1,softdtw,100,True,True,1,10,nothing,nothing,
62948686,0,16,tskmeans,100,7e-07,1,softdtw,100,True,True,1,10,nothing,nothing,
62960919,0,16,tskmeans,100,7e-07,1,softdtw,100,True,True,1,10,nothing,nothing,
62966251,6,16,tskmeans,100,7e-07,1,softdtw,100,True,True,1,10,nothing,nothing,
62996125,12,16,tskmeans,100,7e-07,1,softdtw,100,True,True,1,10,nothing,nothing,
63000345,15,16,tskmeans,100,7e-07,1,softdtw,100,True,True,1,10,nothing,nothing,
63001949,0,16,tskmeans,100,7e-07,1,softdtw,100,True,True,1,10,nothing,nothing,
63005415,7,16,tskmeans,100,7e-07,1,softdtw,100,True,True,1,10,nothing,nothing,
63007186,0,16,tskmeans,100,7e-07,1,softdtw,100,True,True,1,10,nothing,nothing,
63010258,0,16,tskmeans,100,7e-07,1,softdtw,100,True,True,1,10,nothing,nothing,
63012218,7,16,tskmeans,100,7e-07,1,softdtw,100,True,True,1,10,nothing,nothing,
63012948,9,16,tskmeans,100,7e-07,1,softdtw,100,True,True,1,10,nothing,nothing,
63015743,0,16,tskmeans,100,7e-07,1,softdtw,100,True,True,1,10,nothing,nothing,
63017041,15,16,tskmeans,100,7e-07,1,softdtw,100,True,True,1,10,nothing,nothing,
63031465,0,16,tskmeans,100,7e-07,1,softdtw,100,True,True,1,10,nothing,nothing,
63036675,5,16,tskmeans,100,7e-07,1,softdtw,100,True,True,1,10,nothing,nothing,
63036931,11,16,tskmeans,100,7e-07,1,softdtw,100,True,True,1,10,nothing,nothing,
63065057,11,16,tskmeans,100,7e-07,1,softdtw,100,True,True,1,10,nothing,nothing,
63069134,0,16,tskmeans,100,7e-07,1,softdtw,100,True,True,1,10,nothing,nothing,
63077062,11,16,tskmeans,100,7e-07,1,softdtw,100,True,True,1,10,nothing,nothing,
63088215,5,16,tskmeans,100,7e-07,1,softdtw,100,True,True,1,10,nothing,nothing,
63093376,5,16,tskmeans,100,7e-07,1,softdtw,100,True,True,1,10,nothing,nothing,
63096901,0,16,tskmeans,100,7e-07,1,softdtw,100,True,True,1,10,nothing,nothing,
63099103,0,16,tskmeans,100,7e-07,1,softdtw,100,True,True,1,10,nothing,nothing,
63100399,12,16,tskmeans,100,7e-07,1,softdtw,100,True,True,1,10,nothing,nothing,
63101106,6,16,tskmeans,100,7e-07,1,softdtw,100,True,True,1,10,nothing,nothing,
63110173,6,16,tskmeans,100,7e-07,1,softdtw,100,True,True,1,10,nothing,nothing,
63115622,6,16,tskmeans,100,7e-07,1,softdtw,100,True,True,1,10,nothing,nothing,
63115773,0,16,tskmeans,100,7e-07,1,softdtw,100,True,True,1,10,nothing,nothing,
63118574,0,16,tskmeans,100,7e-07,1,softdtw,100,True,True,1,10,nothing,nothing,
63120174,0,16,tskmeans,100,7e-07,1,softdtw,100,True,True,1,10,nothing,nothing,
63120622,0,16,tskmeans,100,7e-07,1,softdtw,100,True,True,1,10,nothing,nothing,
63123618,0,16,tskmeans,100,7e-07,1,softdtw,100,True,True,1,10,nothing,nothing,
63124056,5,16,tskmeans,100,7e-07,1,softdtw,100,True,True,1,10,nothing,nothing,
63124466,11,16,tskmeans,100,7e-07,1,softdtw,100,True,True,1,10,nothing,nothing,
63127172,0,16,tskmeans,100,7e-07,1,softdtw,100,True,True,1,10,nothing,nothing,
63129196,0,16,tskmeans,100,7e-07,1,softdtw,100,True,True,1,10,nothing,nothing,
63131065,0,16,tskmeans,100,7e-07,1,softdtw,100,True,True,1,10,nothing,nothing,
63135716,6,16,tskmeans,100,7e-07,1,softdtw,100,True,True,1,10,nothing,nothing,
63144608,12,16,tskmeans,100,7e-07,1,softdtw,100,True,True,1,10,nothing,nothing,
